3188	100
15656528	15664704	1	3	2	1
15666791	15668320	1	2	0	1
15674825	15677119	1	1	2	1
15690709	15695369	1	2	1	1
15695818	15698660	1	2	0	1
15719778	15721284	1	2	0	1
15785057	15787170	1	1	2	1
15787282	15788550	1	2	0	1
15787282	15788583	1	2	1	1
15787282	15788818	1	3	2	1
15788699	15788818	1	1	2	1
15788931	15790659	1	3	2	1
15790798	15791015	1	2	0	1
15791152	15791626	1	2	0	1
15791152	15815474	1	3	1	1
15815566	15818572	1	2	0	1
15815566	15826140	1	2	2	1
16602215	16611656	1	0	0	1
16611893	16613983	1	1	1	1
16611893	16614075	1	1	0	1
16614178	16614697	1	1	0	1
16614178	16637038	1	1	0	1
16637090	16638577	1	1	0	1
16647785	16648525	1	2	2	1
16650126	16652320	1	2	0	1
16652483	16652931	1	4	0	1
16700449	16701152	2	1	3	2
17047426	17057071	1	0	1	1
17085229	17097060	1	1	1	1
17097086	17097795	1	0	3	1
17097943	17098773	1	1	0	1
17098887	17100353	1	1	0	1
17100481	17101994	1	1	0	1
17102043	17102137	1	3	1	1
17103577	17104724	1	4	0	1
17105602	17105851	1	1	0	1
17105954	17107725	1	1	1	1
17138357	17138548	2	0	1	2
17138738	17141057	2	2	3	2
17141233	17143096	2	1	3	2
17143131	17145022	2	0	1	2
17145117	17148446	2	0	1	2
17147101	17147468	2	6	5	2
17148560	17149540	2	3	2	2
17149745	17159124	2	0	3	2
17182022	17182602	2	2	3	2
17191810	17203561	2	3	1	2
17207290	17209354	2	1	2	2
17477682	17497401	1	0	1	1
17497586	17499408	1	2	1	1
17500735	17503080	1	2	0	1
17503131	17504845	1	1	1	1
17505016	17524116	1	2	1	1
17524271	17537101	1	2	0	1
17537232	17538518	1	0	0	1
17538557	17538638	1	2	0	1
17538731	17538991	1	2	1	1
17539119	17540410	1	1	0	1
17540800	17541837	1	1	0	1
17549564	17552029	1	1	0	1
17552142	17552833	1	4	0	1
17592736	17594527	2	0	3	2
17594616	17598192	2	0	0	2
17598288	17600025	2	1	2	2
17600095	17601090	2	1	5	2
17600095	17612810	2	1	0	2
17601181	17612810	2	1	0	2
17603103	17617962	2	4	1	2
17612878	17613209	2	0	0	2
17613320	17619459	2	1	2	2
17619526	17628601	2	0	2	2
17638886	17655660	1	2	2	1
17655832	17683212	1	2	1	1
17683321	17688984	1	2	0	1
17683321	17696139	1	2	1	1
17689142	17696139	1	0	1	1
17689142	17702241	1	0	0	1
17696210	17702241	1	3	0	1
17702386	17726675	1	1	1	1
17735591	17738015	2	1	0	2
17738229	17739347	2	1	2	2
17739488	17743801	2	0	3	2
17739488	17774379	2	0	1	2
17744013	17750103	2	4	2	2
17750174	17774379	2	2	1	2
17808937	17810701	2	0	2	2
17810813	17812505	2	0	2	2
17810813	17816688	2	0	2	2
17816784	17817309	2	0	3	2
17821509	17822028	2	2	2	2
17822170	17822945	2	0	1	2
17842017	17864897	2	2	3	2
17864986	17865922	2	1	2	2
17866012	17871835	2	2	1	2
17872023	17885876	2	1	3	2
17886051	17887168	2	1	2	2
17887232	17887321	2	1	2	2
17887435	17889032	2	0	1	2
17889230	17891483	2	0	0	2
17891632	17893806	2	0	1	2
17893904	17895282	2	2	5	2
17895410	17896244	2	1	2	2
17896361	17896722	2	0	2	2
17896981	17899446	2	1	0	2
17899548	17900840	2	2	3	2
17900997	17901876	2	1	2	2
17901979	17902629	2	1	0	2
17902747	17904630	2	3	0	2
17904839	17906547	2	0	2	2
18080014	18083435	1	1	0	1
18083732	18085110	1	2	1	1
18085258	18087970	1	3	0	1
18160268	18161788	1	2	1	1
18167334	18167888	1	1	2	1
18168036	18169842	1	1	1	1
18169939	18170751	1	3	2	1
18170920	18173148	1	3	0	1
18173281	18173791	1	1	2	1
18173842	18176770	1	1	1	1
18203243	18205838	1	1	17	1
18418968	18421437	2	17	1	2
18487204	18489203	1	2	0	1
18489266	18489730	1	1	2	1
18529093	18529439	1	2	0	1
18529497	18529604	1	3	1	1
18534053	18535243	2	1	3	2
18535328	18535857	2	1	0	2
18535448	18535857	2	3	0	2
18535948	18536638	2	1	1	2
18536808	18537290	2	0	1	2
18538558	18538638	2	0	1	2
18538744	18539226	2	1	3	2
18539337	18540400	2	3	2	2
18543737	18544650	2	1	0	2
18544781	18547244	2	0	3	2
18547373	18548009	2	0	2	2
18547421	18548009	2	0	2	2
18548118	18548316	2	1	0	2
18548469	18548668	2	0	0	2
18548856	18552471	2	0	1	2
18550950	18550979	2	8	14	2
18744575	18746572	1	2	0	1
18746635	18747099	1	1	2	1
18906725	18910170	1	2	0	1
18906725	18910886	1	2	1	1
18911028	18911538	1	3	1	1
18916988	18918314	2	4	6	2
18918491	18919449	4	1	2	2
18919597	18919704	2	0	2	2
18922933	18923113	2	0	1	2
18923179	18925049	2	2	3	2
18925200	18925686	2	1	1	2
18925722	18926037	2	2	3	2
18925722	18930988	2	2	0	2
18931198	18936013	2	0	3	2
18970658	19014351	1	2	0	1
19032940	19033042	2	0	2	2
19039121	19041056	2	0	7	2
19041294	19041805	2	0	0	2
19041959	19048438	2	0	3	2
19048643	19056984	2	2	0	2
19057162	19063200	2	1	2	2
19063278	19064846	2	2	0	2
19065058	19068098	2	1	0	2
19068225	19089366	2	0	3	2
19089490	19122126	2	0	3	2
19134475	19135058	2	0	4	2
19135175	19137321	2	0	2	2
19137432	19138213	2	3	1	2
19137432	19138301	2	3	2	2
19138317	19139157	2	0	4	2
19139292	19139610	2	2	1	2
19139729	19139853	2	0	2	2
19140024	19142536	2	1	1	2
19142633	19142724	2	0	0	2
19176244	19176419	2	0	0	2
19176494	19176576	2	1	2	2
19176693	19176844	2	1	2	2
19176950	19177118	2	1	2	2
19177204	19177725	2	3	2	2
19177204	19178131	2	4	1	2
19177865	19177940	2	2	3	2
19178041	19178131	2	1	1	2
19178240	19178578	2	1	4	2
19180238	19180729	2	0	1	2
19180806	19183388	2	2	2	2
19180806	19183412	2	3	3	2
19183611	19187556	2	1	2	2
19188091	19191302	2	1	2	2
19191435	19196264	2	2	2	2
19196415	19196487	2	2	2	2
19199841	19201327	2	3	2	2
19201493	19208152	2	2	2	2
19209114	19210324	2	2	2	2
19210509	19216109	2	1	3	2
19216256	19219883	2	3	5	2
19224054	19225451	2	1	2	2
19226383	19229836	2	2	2	2
19233318	19233420	2	0	2	2
19234706	19235694	2	2	4	2
19254227	19275621	2	0	2	2
19275830	19291598	2	0	2	2
19331556	19351356	2	1	1	2
19331556	19353354	2	1	2	2
19351446	19353354	2	1	2	2
19353519	19353994	2	0	0	2
19354118	19355758	2	1	1	2
19355865	19356228	2	1	3	2
19356288	19356888	2	1	1	2
19357051	19359334	2	0	1	2
19359484	19361235	2	2	5	2
19361341	19361725	2	0	5	2
19361931	19375629	2	2	2	2
19375792	19377867	2	0	3	2
19378066	19383618	2	1	1	2
19383705	19385519	2	0	2	2
19385736	19387709	2	0	2	2
19387816	19388482	2	1	1	2
19388554	19389696	2	0	3	2
19388554	19392099	2	0	1	2
19392214	19394340	2	0	1	2
19394509	19396785	2	0	2	2
19396947	19397990	2	0	3	2
19398087	19399078	2	0	1	2
19398087	19405784	2	0	1	2
19405880	19407182	2	3	0	2
19407274	19408272	2	0	3	2
19407274	19408481	2	0	2	2
19408593	19410714	2	1	2	2
19410778	19431438	2	1	1	2
19432607	19433263	1	1	1	1
19433348	19434734	1	2	0	1
19434894	19435625	1	2	0	1
19434894	19435636	1	2	0	1
19441694	19447376	2	4	3	2
19444390	19447376	2	0	3	2
19450744	19454747	2	1	2	2
19454830	19455678	2	0	2	2
19455768	19456585	2	1	0	2
19456634	19456851	2	1	0	2
19456918	19458069	2	3	0	2
19458139	19465200	2	0	2	2
19465274	19467871	2	0	0	2
19468003	19471685	2	0	1	2
19471808	19475066	2	1	0	2
19471808	19479081	2	1	1	2
19475100	19475468	2	0	0	2
19475602	19479081	2	0	1	2
19480019	19480156	1	2	0	1
19480217	19480951	1	3	1	1
19481045	19482688	1	3	0	1
19482827	19483860	1	2	0	1
19484005	19494325	1	2	1	1
19494382	19495979	1	2	0	1
19496029	19497384	1	1	0	1
19497447	19499099	1	1	2	1
19497447	19505360	1	1	0	1
19499151	19505360	1	0	0	1
19505481	19507384	1	0	0	1
19507517	19507764	1	1	0	1
19507864	19508528	1	1	1	1
19508691	19514747	1	3	1	1
19514887	19514963	1	2	1	1
19515048	19516525	1	1	0	1
19516645	19516815	1	0	0	1
19516893	19518842	1	4	0	1
19518909	19520479	1	1	0	1
19718818	19719600	1	2	1	1
19719212	19719600	1	1	1	1
19719698	19719804	1	1	6	1
19719892	19720113	1	1	0	1
19720238	19720318	1	1	0	1
19720454	19720547	1	1	1	1
19720454	19720640	1	1	0	1
19720666	19720766	1	1	0	1
19720869	19721638	1	2	1	1
19721736	19721820	1	1	0	1
19721957	19722235	1	3	0	1
19722339	19722426	1	0	0	1
19761280	19763239	1	3	1	1
19763342	19764956	1	1	0	1
19764326	19764956	1	0	0	1
19765113	19765756	1	1	0	1
19765825	19765900	1	1	1	1
19788960	19801999	2	2	3	2
19802216	19802691	2	1	3	2
19802216	19806657	2	1	4	2
19806757	19812283	2	2	2	2
19812447	19820596	2	0	3	2
19812447	19854441	2	0	3	2
19820723	19821226	2	2	1	2
19821375	19854441	2	2	3	2
19852486	19854441	2	0	3	2
19854539	19854818	2	2	1	2
19877234	19878088	2	2	0	2
19878187	19878364	2	0	2	2
19878437	19880177	2	2	2	2
19880271	19880620	2	2	0	2
19880271	19883323	2	2	2	2
19880717	19880854	2	1	0	2
19880717	19881079	2	1	1	2
19880717	19883323	2	1	2	2
19883461	19895405	2	2	2	2
19895320	19895405	2	1	2	2
19895581	19898037	2	0	3	2
19898130	19899047	2	0	0	2
19899068	19911375	2	2	0	2
19911447	19915212	2	0	0	2
19915276	19915763	2	0	2	2
19915843	19918141	2	0	3	2
19918217	19918858	2	1	1	2
19919004	19919541	2	1	2	2
19919599	19931028	2	0	1	2
19931098	19941699	2	0	3	2
19941897	19961197	1	2	0	1
19961289	19962525	1	2	0	1
19962815	19963564	1	2	1	1
19963759	19964166	1	2	2	1
19964299	19968534	1	2	1	1
19970743	19971884	2	1	0	2
19971971	19972356	2	0	3	2
19972411	19972735	2	0	1	2
19973036	19973117	2	0	3	2
19973317	19973641	2	1	1	2
19973793	19974110	2	0	1	2
19974239	19975684	2	1	2	2
19975757	19977413	2	1	2	2
19978075	19978895	2	1	2	2
19979080	19979741	2	1	1	2
19981737	19981931	2	2	2	2
19982091	19990583	2	1	4	2
19986683	19987071	2	1	3	2
20021134	20036758	1	1	0	1
20036854	20043353	1	3	1	1
20043443	20052463	1	1	1	1
20052584	20053435	1	2	2	1
20052584	20055941	1	2	0	1
20056013	20061528	1	3	1	1
20061683	20063336	1	0	1	1
20063442	20064540	1	3	0	1
20080383	20085685	1	3	4	1
20086683	20087160	1	2	1	1
20087321	20089667	1	0	2	1
20089811	20089974	1	1	0	1
20089811	20090019	1	1	0	1
20090258	20091433	1	1	0	1
20091632	20091867	1	2	0	1
20091970	20092807	1	1	0	1
20092907	20094711	1	1	0	1
20094795	20106175	1	2	0	1
20106277	20106590	1	4	0	1
20106698	20107269	1	0	5	1
20107398	20108888	1	3	1	1
20109003	20110023	1	1	1	1
20112794	20112909	2	0	0	2
20113007	20113116	2	0	0	2
20113234	20113430	2	0	1	2
20113507	20113684	2	0	1	2
20113808	20114572	2	2	4	2
20114685	20114759	2	0	1	2
20114876	20114963	2	0	4	2
20115079	20115264	2	2	1	2
20115447	20115670	2	0	4	2
20115554	20115670	2	0	2	2
20115780	20116036	2	1	0	2
20116612	20116881	2	1	2	2
20117664	20119011	1	2	1	1
20118402	20119011	1	1	1	1
20119149	20122262	1	0	1	1
20122421	20125306	1	0	0	1
20122697	20125306	1	0	0	1
20125436	20126301	1	0	0	1
20126368	20126654	1	2	0	1
20126368	20126950	1	2	0	1
20126368	20126953	1	2	1	1
20132051	20139192	1	0	3	1
20139315	20139476	1	2	0	1
20139635	20139718	1	2	1	1
20139892	20140113	1	0	0	1
20140217	20140615	1	3	3	1
20140708	20140869	1	1	2	1
20141012	20141215	1	2	0	1
20141337	20141419	1	1	0	1
20141530	20142754	1	3	2	1
20143756	20145227	1	2	1	1
20148924	20149185	2	0	1	2
20243110	20268069	2	1	2	2
20307961	20309288	1	5	4	1
20314824	20315334	2	1	3	2
20315476	20316117	2	1	2	2
20316219	20319637	2	0	2	2
20319799	20319877	2	0	3	2
20363674	20364184	2	2	1	2
20364317	20366565	2	0	3	2
20394662	20395331	1	3	0	1
20394662	20400630	1	3	1	1
20400758	20401275	1	2	1	1
20401372	20405375	1	3	0	1
20426282	20427396	2	0	1	2
20427550	20429223	2	0	2	2
20429340	20429534	2	1	1	2
20429355	20429534	2	0	1	2
20430557	20430688	2	3	1	2
20431537	20431743	2	0	0	2
20431846	20431928	2	0	1	2
20431988	20437580	2	0	1	2
20442438	20446441	2	3	3	2
20458000	20464856	2	3	2	2
20465576	20471348	2	0	3	2
20471515	20488983	2	0	3	2
20489244	20495758	2	1	3	2
20507735	20537115	1	1	0	1
20507746	20518876	1	0	1	1
20507746	20537115	1	0	0	1
20518995	20537115	1	3	0	1
20537204	20551434	1	1	1	1
20551487	20553143	1	0	0	1
20553174	20554934	1	1	0	1
20555148	20564448	1	0	0	1
20566817	20568519	1	0	2	1
20568631	20575111	1	2	0	1
20575232	20582609	1	3	2	1
20582747	20582838	1	3	0	1
20582967	20583111	1	1	0	1
20583247	20583328	1	2	0	1
20583393	20584357	1	1	3	1
20584425	20584853	1	1	0	1
20585015	20585099	1	0	1	1
20585267	20585726	1	1	0	1
20585826	20586566	1	1	0	1
20631210	20632589	1	2	2	1
20703122	20703466	1	2	0	1
20703524	20703631	1	3	1	1
20708098	20709294	2	1	3	2
20709379	20709906	2	1	0	2
20709997	20710697	2	1	1	2
20710858	20711339	2	0	1	2
20711461	20712484	2	1	3	2
20712611	20712691	2	0	1	2
20712797	20713279	2	1	3	2
20713390	20714456	2	3	2	2
20714528	20714626	2	0	2	2
20714700	20717706	2	1	1	2
20717778	20718691	2	1	0	2
20718822	20721296	2	0	0	2
20718822	20732969	2	0	3	2
20721418	20726486	2	0	2	2
20726541	20727228	2	1	1	2
20727397	20727772	2	0	2	2
20727864	20729311	2	2	2	2
20729506	20729630	2	1	1	2
20729711	20729890	2	1	2	2
20730011	20732969	2	0	3	2
20733098	20733734	2	0	2	2
20733843	20734041	2	1	0	2
20734194	20734393	2	0	0	2
20734553	20742226	2	0	1	2
20742355	20742606	2	0	2	2
20742764	20744626	2	3	2	2
20744720	20747581	2	1	1	2
20747702	20749903	2	1	3	2
20749994	20751291	2	0	2	2
20751376	20751672	2	1	0	2
20751755	20752901	2	2	0	2
20753027	20753108	2	1	0	2
20753180	20761302	2	1	1	2
20761386	20764815	2	1	2	2
20764950	20765098	2	1	0	2
20765163	20765530	2	0	2	2
20765236	20765583	2	1	3	2
20765693	20793191	2	0	1	2
20774145	20779295	1	2	0	1
20780201	20783970	1	2	1	1
20784245	20786002	1	2	0	1
20786148	20786873	1	1	0	1
20793243	20796144	2	1	2	2
20796314	20798582	2	1	2	2
20798687	20799091	2	0	0	2
20799276	20799669	2	1	0	2
20799766	20801971	2	3	3	2
20802105	20803189	2	0	3	2
20803320	20804298	2	1	5	2
20804400	20804972	2	3	1	2
20805165	20807360	2	0	1	2
20807458	20810965	2	1	2	2
20811032	20813356	2	2	1	2
20813506	20818481	2	0	2	2
20818549	20819639	2	2	4	2
20819900	20820537	2	0	2	2
20820611	20824324	2	0	2	2
20824414	20834560	2	2	2	2
20834655	20838613	2	0	2	2
20838731	20858568	2	2	2	2
20859347	20870335	1	2	1	1
20870533	20881047	1	2	0	1
20881134	20883469	1	2	0	1
20883569	20887677	1	2	0	1
20918245	20933777	1	2	3	1
20934244	20949709	1	2	2	1
20957486	20964389	1	2	1	1
20967303	20967803	1	2	2	1
20974172	20974250	1	3	3	1
20974296	20974523	1	3	1	1
20974621	20974702	1	3	2	1
20977776	20977886	1	2	0	1
20978005	20979269	1	1	1	1
20982571	20983025	1	1	1	1
20987583	20988008	1	1	1	1
20988118	20988787	1	1	2	1
20988872	20989623	1	3	2	1
20989682	20990384	1	2	3	1
20990525	20991626	1	0	3	1
20991829	20992212	1	2	2	1
20992369	20992792	1	2	0	1
20992904	20993660	1	3	0	1
20993754	20993922	1	2	0	1
20994269	20994556	1	2	1	1
20994727	20994868	1	2	1	1
20994727	20994913	1	2	3	1
20995026	20995744	1	1	1	1
20995484	20995744	1	2	1	1
20995872	20995961	1	3	0	1
20996112	20996694	3	0	0	1
20996801	20996884	1	5	0	1
20996966	20997230	1	2	3	1
21000432	21000645	2	0	1	2
21000787	21001254	2	0	3	2
21001411	21001830	2	0	7	2
21001911	21002084	2	0	0	2
21009453	21011382	2	1	3	2
21011590	21013780	2	0	3	2
21016092	21017987	1	2	1	1
21018060	21022674	1	2	0	1
21025898	21026009	1	3	1	1
21025898	21026250	1	3	2	1
21026329	21026418	1	2	1	1
21468202	21468313	1	3	0	1
21468431	21468777	1	2	0	1
21468835	21468942	1	3	1	1
21473405	21474595	2	1	3	2
21475300	21475990	2	1	1	2
21476160	21476642	2	0	1	2
21476764	21477788	2	1	3	2
21477915	21477995	2	0	1	2
21478101	21478583	2	1	3	2
21478694	21479757	2	3	2	2
21479829	21479928	2	0	2	2
21480002	21483018	2	1	3	2
21483090	21484003	2	1	0	2
21484134	21486798	2	0	3	2
21486927	21487563	2	0	2	2
21486975	21487563	2	0	2	2
21487672	21487870	2	1	0	2
21488023	21488222	2	0	0	2
21488410	21491992	2	0	1	2
21567771	21592859	1	2	1	1
21568377	21592859	1	1	1	1
21592956	21610855	1	0	1	1
21611043	21614555	1	2	0	1
21611043	21621513	1	2	0	1
21614665	21621513	1	0	0	1
21628787	21629306	2	3	3	2
21629187	21629306	2	1	3	2
21629407	21629541	2	2	1	2
21629407	21629600	2	6	2	2
21642523	21642860	1	1	1	1
21643058	21643892	1	2	1	1
21661021	21662251	1	0	0	1
21666131	21669911	1	0	3	1
21669962	21670564	1	3	0	1
21670611	21670995	1	3	0	1
21671059	21672328	1	0	1	1
21672381	21675062	1	2	0	1
21675115	21681297	1	1	1	1
21681390	21682435	1	2	1	1
21682526	21683180	1	3	1	1
21683257	21684751	1	2	0	1
21684913	21686481	1	0	1	1
21686558	21686890	1	2	0	1
21686998	21687641	1	1	0	1
21687732	21688071	1	1	0	1
21688106	21688730	1	1	2	1
21688849	21693814	1	0	0	1
21693872	21694591	1	1	1	1
21694665	21694753	1	2	1	1
21694817	21694935	1	3	0	1
21695070	21695392	1	0	1	1
21695496	21696745	1	3	0	1
21701218	21703368	2	1	0	2
21703478	21703837	2	1	0	2
21764240	21769193	2	1	2	2
21765584	21769193	2	0	3	2
21769320	21772647	2	0	2	2
21769320	21772871	2	0	2	2
21772982	21788255	2	0	2	2
21775926	21791237	1	4	11	1
21788388	21788692	2	3	1	2
21788808	21799010	2	1	2	2
21799128	21805848	2	0	2	2
21806039	21807662	2	0	0	2
21807846	21867320	2	0	1	2
21923471	21925567	2	1	1	2
21925662	21931146	2	1	4	2
21931291	21933389	2	0	2	2
21933579	21934022	2	1	0	2
21934226	21939530	2	0	0	2
21939680	21945841	2	1	2	2
21946108	21952790	2	1	1	2
21957595	21958490	2	1	2	2
21958693	21959130	2	1	3	2
21959232	21959585	2	1	1	2
21959736	21960319	2	0	1	2
21960449	21962423	2	1	1	2
21960449	21962427	2	1	1	2
21962602	21962745	2	1	4	2
21962893	21963921	2	1	2	2
21963020	21963921	2	1	2	2
21964028	21964159	2	4	1	2
21964315	21965283	2	1	1	2
21965375	21967601	2	3	4	2
21967716	21968617	2	3	2	2
21968775	21970208	2	2	4	2
21970406	21970978	2	2	0	2
21970406	21971875	2	2	2	2
21971951	21972610	2	3	4	2
21972718	21974355	2	1	1	2
21974488	21975638	2	1	2	2
21975807	21975979	2	1	1	2
21975807	21982412	2	1	2	2
21975807	21982728	2	1	1	2
21982449	21982728	2	0	1	2
22298211	22303102	1	1	0	1
22298211	22303222	1	1	0	1
22303297	22303941	1	2	0	1
22304114	22306788	1	4	0	1
22304114	22306831	1	4	0	1
22306903	22307104	1	0	0	1
22307021	22307104	1	3	0	1
22309883	22310224	1	1	0	1
22310401	22318897	1	2	2	1
22485978	22486859	2	1	2	2
22489466	22494061	2	2	2	2
22494180	22507808	2	1	2	2
22507870	22508657	2	1	1	2
22547901	22547953	2	1	0	2
22548643	22549724	2	1	3	2
22550334	22550765	2	1	3	2
22551089	22556810	2	1	1	2
22556909	22557543	2	0	0	2
22556930	22557543	2	0	0	2
22557580	22558969	2	0	0	2
22557580	22559173	2	0	3	2
22632543	22633345	3	3	0	1
22664518	22698112	1	3	1	1
22664518	22758902	1	3	1	1
22664518	22822980	1	3	1	1
22697996	22698112	1	3	1	1
22758786	22758902	1	3	1	1
22893818	22900974	1	2	2	1
22895586	22919749	2	6	14	2
22899655	22900974	1	2	2	1
22905025	22906340	1	2	2	1
22906553	22915823	2	15	14	2
22906553	22919749	2	6	34	2
22906553	22922804	2	15	14	2
22910973	22919749	2	6	2	2
22915824	22919749	2	6	14	2
22918201	22919533	1	1	2	1
22918201	22922592	1	1	2	1
23146030	23146603	1	2	1	1
23146685	23150061	1	2	0	1
23150154	23152459	1	1	1	1
23152526	23153031	1	6	2	1
23153134	23155966	1	0	0	1
23156032	23157990	1	1	0	1
23182239	23253797	1	3	0	1
23253980	23260948	1	1	0	1
23261054	23261353	1	1	0	1
23261540	23268406	1	1	1	1
23268515	23271530	1	2	0	1
23271592	23273079	1	0	0	1
23273133	23273632	1	0	1	1
23273774	23283975	1	2	0	1
23284098	23285031	1	1	0	1
23285201	23287157	1	2	0	1
23287278	23288095	1	2	0	1
23288172	23289515	1	0	2	1
23289621	23290337	1	2	0	1
23290413	23292539	1	0	0	1
23292638	23295022	1	2	1	1
23295155	23309422	1	3	0	1
23309483	23310322	1	1	0	1
23310433	23311695	1	0	1	1
23311836	23312885	1	0	0	1
23313021	23313966	1	1	0	1
23314073	23314550	1	2	1	1
23314714	23315431	1	3	2	1
23400583	23401839	2	2	3	2
23457193	23460351	1	0	1	1
23537136	23538759	1	1	1	1
23616874	23617573	2	0	3	2
23637804	23638749	2	0	0	2
23638942	23640306	2	2	2	2
23638942	23659863	2	2	0	2
23653352	23659863	2	0	0	2
23660000	23683723	2	1	3	2
23690356	23694117	2	0	2	2
23695517	23705427	2	0	3	2
23705541	23709128	2	2	3	2
23709241	23709784	2	0	0	2
23709867	23714185	2	1	1	2
23714342	23715007	2	2	1	2
23715194	23717029	2	0	1	2
23745219	23750709	2	0	2	2
23745219	23750979	2	0	3	2
23766026	23766126	2	2	1	2
23766050	23766126	2	0	1	2
23766275	23767372	2	1	3	2
23779416	23780357	1	3	1	1
23780502	23780580	1	2	2	1
23787262	23791754	1	2	2	1
23791867	23793557	1	1	0	1
23791894	23793557	1	1	0	1
23793688	23800942	1	6	1	1
23801081	23803293	1	1	0	1
23803422	23816768	1	1	0	1
23816936	23825223	1	2	0	1
23825415	23833570	1	2	0	1
23833703	23834139	1	2	1	1
23834932	23837062	2	1	0	2
23837154	23837657	2	1	1	2
23837731	23838709	2	1	6	2
23837854	23838350	2	0	0	2
23838445	23838562	2	2	0	2
23838637	23838709	2	2	2	2
23838776	23838893	2	0	1	2
23858029	23862102	1	1	0	1
23862202	23868479	1	1	0	1
23868641	23875115	1	3	1	1
23875241	23877040	1	3	2	1
23877171	23877383	1	3	2	1
23877171	23882457	1	5	0	1
23882646	23882757	1	1	3	1
23882869	23883770	1	0	0	1
23884024	23884300	1	1	0	1
23894582	23894770	1	3	0	1
23894944	23895038	1	3	1	1
23958458	23958549	2	3	3	2
23967022	23967384	1	0	0	1
23967561	23967984	1	1	2	1
23971623	23973766	2	1	1	2
23973343	23973766	2	2	1	2
23973943	23974305	2	0	0	2
24011367	24035442	1	1	1	1
24011728	24035442	1	2	1	1
24035520	24036087	1	1	0	1
24036181	24038346	1	3	1	1
24038461	24041137	1	2	1	1
24041273	24042902	1	2	1	1
24041273	24049089	1	2	0	1
24043084	24049089	1	0	0	1
24049220	24050823	1	1	0	1
24050974	24054871	1	0	0	1
24055159	24056190	1	1	2	1
24056360	24059225	1	3	2	1
24059363	24059922	1	1	0	1
24060141	24061945	1	2	1	1
24062025	24062957	1	2	0	1
24063146	24064033	1	3	1	1
24064187	24066985	1	2	0	1
24067181	24070798	1	2	1	1
24071042	24072352	1	3	2	1
24072510	24076167	1	2	1	1
24076284	24083226	1	0	2	1
24083389	24084577	1	2	3	1
24084785	24085004	1	2	2	1
24085151	24087450	1	2	2	1
24087713	24091581	1	3	0	1
24091843	24095929	1	2	3	1
24096082	24098012	1	0	1	1
24098192	24113564	1	1	0	1
24113748	24119365	1	2	1	1
24119698	24134300	1	1	0	1
24134415	24164398	1	0	1	1
24164563	24165528	1	0	1	1
24165626	24166637	1	2	1	1
24167313	24168445	1	2	4	1
24168521	24171711	1	4	1	1
24171995	24176109	1	3	0	1
24176275	24177502	1	1	0	1
24177817	24178051	1	2	0	1
24184303	24184764	1	3	1	1
24184940	24185092	1	0	1	1
24187843	24187957	1	4	0	1
24188135	24188223	1	4	1	1
24270983	24302193	1	1	0	1
24276803	24302193	1	0	0	1
24302384	24313311	1	2	0	1
24313466	24321286	1	2	1	1
24322918	24324218	1	2	3	1
24324427	24328844	1	0	0	1
24328919	24330254	1	1	1	1
24330431	24334408	1	0	1	1
24334573	24338384	1	2	0	1
24338477	24347084	1	3	0	1
24347176	24363259	1	2	0	1
24363344	24365474	1	3	0	1
24365632	24369216	1	2	0	1
24369320	24411586	1	4	0	1
24411704	24412646	1	2	0	1
24412707	24414532	1	1	1	1
24433736	24440581	1	1	2	1
24543097	24543840	2	1	0	2
24543954	24546912	2	0	1	2
24544083	24546912	2	0	1	2
24547005	24547906	2	0	3	2
24548073	24548915	2	2	1	2
24549001	24554947	2	1	1	2
24556071	24557655	1	1	0	1
24557800	24567982	1	4	0	1
24557800	24571914	1	3	0	1
24568176	24571914	1	2	0	1
24586411	24588212	2	0	1	2
24592423	24592861	4	1	4	2
24603321	24607952	1	2	0	1
24603335	24607952	1	3	0	1
24607732	24607952	1	2	0	1
24608023	24608988	1	2	0	1
24608023	24609960	1	3	0	1
24608023	24609963	1	3	0	1
24610033	24610248	1	3	0	1
24610033	24610356	1	3	1	1
24610531	24611073	1	1	0	1
24611245	24614774	1	2	1	1
24614906	24615039	1	0	1	1
24615127	24620326	1	1	1	1
24620520	24620911	1	1	0	1
24621070	24623105	1	1	1	1
24623256	24623778	1	2	1	1
24623916	24627430	1	2	2	1
24627619	24627850	1	0	0	1
24627979	24628079	1	3	1	1
24628193	24628273	1	1	1	1
24628388	24628691	1	4	1	1
24645745	24647001	1	0	1	1
24647224	24648026	3	3	0	1
24895373	24897970	1	0	2	1
24898559	24901831	1	0	0	1
25014566	25025631	1	0	0	1
25025784	25027943	1	1	0	1
25029540	25032607	1	0	2	1
25041525	25049228	1	2	2	1
25174489	25177346	1	0	0	1
25185119	25190700	1	2	2	1
25190784	25192404	1	4	1	1
25221483	25224916	1	2	0	1
25225036	25227851	1	0	0	1
25228474	25229434	1	0	1	1
25351902	25354594	2	1	1	2
25354812	25357253	2	1	2	2
25357426	25359825	2	0	1	2
25376008	25381379	2	1	1	2
25381578	25405200	2	3	3	2
25448284	25455710	1	1	0	1
25456304	25457257	1	0	1	1
25457401	25459414	1	0	2	1
25459515	25460865	1	3	1	1
25565153	25604375	1	4	0	1
25604453	25644590	1	1	2	1
25638788	25644590	1	2	2	1
25644665	25661574	1	2	0	1
25661677	25663628	1	0	0	1
25663704	25667737	1	3	0	1
25667800	25672294	1	2	0	1
25672347	25674435	1	0	0	1
25674528	25678814	1	0	3	1
25678915	25685168	1	0	1	1
25678915	25685214	1	0	0	1
25685248	25687535	1	1	1	1
25687667	25690187	1	2	0	1
25690283	25695105	1	0	0	1
25695214	25703508	1	1	0	1
25703576	25704107	1	1	0	1
25704209	25709896	1	1	0	1
25709964	25711066	1	2	0	1
25711163	25714406	1	2	0	1
25714570	25718243	1	2	0	1
25718381	25721282	1	1	0	1
25721397	25722287	1	2	0	1
25742293	25760982	1	2	0	1
25763389	25768113	1	2	0	1
25769428	25770108	1	3	1	1
25770984	25772332	1	1	1	1
25777781	25780054	1	3	0	1
25780198	25781732	1	3	0	1
25781834	25785426	1	3	1	1
25823678	25826407	1	3	1	1
25826499	25828774	1	2	0	1
25843894	25846098	1	2	0	1
25847652	25851468	1	2	1	1
25851579	25868318	1	2	1	1
25868385	25874284	1	0	2	1
25878048	25890754	1	2	0	1
25890875	25891302	1	2	0	1
25895280	25898305	1	2	0	1
25898461	25902611	1	0	2	1
25902736	25903629	1	2	0	1
25903831	25908320	1	4	0	1
25946250	25947710	1	1	2	1
25947828	25950365	1	3	0	1
25955364	25992361	1	1	1	1
26004855	26026443	1	3	1	1
26294425	26296886	1	4	2	1
26340632	26347717	1	2	0	1
26434501	26442457	1	2	2	1
26442572	26443095	1	2	2	1
26453404	26457857	2	0	3	2
26457967	26458443	2	0	1	2
26458577	26463915	2	0	1	2
26464826	26465453	2	2	2	2
26465551	26466049	2	1	1	2
26465551	26466224	2	1	1	2
26466104	26466224	2	1	1	2
26466262	26468549	2	0	3	2
26468623	26470717	2	1	0	2
26471388	26472300	2	1	0	2
26472418	26472830	2	0	2	2
26472939	26476991	2	2	1	2
26477136	26479263	2	0	3	2
26477136	26481720	2	0	1	2
26479355	26481720	2	3	1	2
26482240	26483672	2	0	1	2
26488288	26488388	1	2	0	1
26488488	26490042	1	2	1	1
26490198	26491023	1	2	2	1
26491070	26491461	1	2	0	1
26492368	26494137	2	2	1	2
26494304	26494795	2	2	3	2
26494939	26496071	2	1	1	2
26496316	26496719	2	4	2	2
26496889	26498867	2	2	2	2
26498975	26499102	2	1	0	2
26499631	26501898	2	2	4	2
26502052	26503664	2	1	2	2
26503793	26506301	2	4	2	2
26506459	26506773	2	1	1	2
26506928	26510062	2	1	1	2
26510281	26510615	2	0	2	2
26510702	26512097	2	1	1	2
26512175	26512392	2	0	2	2
26526267	26528212	2	0	3	2
26528262	26532693	2	2	3	2
26532745	26536286	2	2	1	2
26536486	26540787	2	1	0	2
26541718	26544602	2	0	2	2
26544675	26590051	2	1	1	2
26602021	26607887	2	1	1	2
26612190	26616138	2	0	1	2
26632217	26632247	2	2	20	2
26632248	26632278	2	10	0	2
26652610	26698232	2	1	13	2
26657654	26663314	1	2	0	1
26663398	26665455	1	2	2	1
26672987	26717251	1	0	3	1
26778585	26779882	1	2	1	1
27224308	27224521	2	0	3	2
27853663	27854852	2	0	0	2
27853663	27854854	2	0	0	2
27854939	27858385	2	0	0	2
27858509	27860129	2	0	5	2
27860241	27873736	2	0	2	2
27873815	27894553	2	1	0	2
27894638	27896550	2	3	0	2
27897892	27910962	2	0	2	2
27911109	27914315	2	0	2	2
27914347	27919170	2	0	0	2
27919545	27922016	1	1	1	1
27922178	27924345	1	1	0	1
27978707	27980493	1	0	0	1
27983851	27985247	2	0	1	2
27992663	27993285	2	2	1	2
27993518	27996133	2	2	1	2
27993535	27994471	1	1	0	1
27998152	27998602	1	1	1	1
27999260	28001372	2	0	2	2
28094245	28096188	2	1	3	2
28096408	28098913	2	1	5	2
28099044	28101169	2	0	3	2
28101280	28105277	2	2	2	2
28105802	28107060	2	1	5	2
28108403	28163090	2	1	2	2
28296328	28297578	2	2	2	2
28296328	28306494	2	2	2	2
28297852	28306494	2	0	2	2
28674364	28679620	2	0	1	2
28687986	28689133	2	0	3	2
28689215	28694030	2	1	3	2
28694117	28695125	2	0	2	2
28695242	28695708	2	0	1	2
28695873	28696899	2	0	2	2
28695873	28699836	2	0	2	2
28699937	28703503	2	1	0	2
28703566	28710004	2	0	0	2
28710059	28711907	2	1	0	2
28712017	28719393	2	0	2	2
28712017	28724975	2	0	2	2
28719485	28724975	2	0	2	2
28725124	28725241	2	1	1	2
28725367	28730454	2	0	2	2
28725367	28734401	2	0	1	2
28730548	28734401	2	0	1	2
28734727	28741767	2	2	1	2
28742331	28743880	1	1	0	1
28742380	28743880	1	2	0	1
28742728	28743880	1	1	0	1
28743978	28744613	1	3	0	1
28744704	28745862	1	0	0	1
28744709	28745862	1	2	0	1
28744709	28751239	1	2	0	1
28746008	28751239	1	2	0	1
28751288	28757076	1	2	0	1
28773778	28780946	1	0	0	1
28781172	28783506	1	2	1	1
28783645	28786087	1	0	1	1
28795732	28796045	2	0	2	2
28796121	28796146	0	0	6	0
28796192	28797075	2	1	2	2
28797205	28799055	2	0	2	2
28799153	28799958	2	1	2	2
28799153	28800296	2	1	2	2
28884066	28987074	1	2	0	1
28987201	29042493	1	2	1	1
29042569	29043297	1	2	0	1
29043430	29044778	1	0	0	1
29043430	29048387	1	0	1	1
29044890	29046714	1	3	0	1
29046883	29048387	1	2	1	1
29048491	29049195	1	2	0	1
29050948	29053577	1	3	1	1
29073227	29094256	1	1	0	1
29098953	29121355	1	0	0	1
29137674	29138622	1	2	0	1
29140366	29141942	1	0	0	1
29231140	29231591	1	1	0	1
29232402	29233377	1	1	1	1
29233468	29233612	1	1	2	1
29233666	29234135	1	0	1	1
29260237	29260324	2	1	1	2
29260613	29260700	2	1	2	2
29260864	29263833	2	0	0	2
29265668	29267424	2	0	2	2
29267577	29267746	2	0	0	2
29267577	29268087	2	0	1	2
29268349	29272214	1	1	0	1
29272252	29272378	1	1	0	1
29272252	29272384	1	1	0	1
29272431	29273736	1	2	0	1
29272431	29273739	1	3	1	1
29273864	29278028	1	1	2	1
29278216	29282388	1	2	0	1
29278216	29286921	1	2	0	1
29282557	29286921	1	3	0	1
29287134	29288604	1	0	2	1
29287134	29292135	1	0	1	1
29288786	29291560	1	1	0	1
29288786	29291563	1	1	0	1
29291599	29292135	1	1	1	1
29292169	29292486	1	2	1	1
29292606	29296237	1	2	0	1
29296368	29297825	1	1	1	1
29297949	29298731	1	2	2	1
29298895	29299193	1	0	0	1
29298895	29299232	1	0	1	1
29299331	29299597	1	1	2	1
29299851	29300120	1	0	0	1
29308738	29310437	1	1	5	1
29310734	29310825	1	1	0	1
29310998	29311460	1	5	1	1
29328895	29330376	2	0	1	2
29330532	29330621	2	0	3	2
29330709	29331447	2	0	1	2
29331533	29331785	2	4	2	2
29331916	29334263	2	0	3	2
29334410	29338988	2	2	0	2
29339133	29340654	2	0	1	2
29340857	29341499	2	1	0	2
29341760	29342283	2	1	2	2
29342383	29349216	2	2	3	2
29349383	29350033	2	2	0	2
29350150	29351169	2	0	2	2
29351266	29351703	2	2	3	2
29351825	29354648	2	1	2	2
29354871	29356424	2	0	2	2
29356616	29358724	2	2	1	2
29358971	29359822	2	1	2	2
29359959	29362999	2	0	3	2
29359959	29419153	2	0	3	2
29363106	29367205	2	1	2	2
29363106	29423123	2	1	2	2
29367270	29388422	2	0	1	2
29419260	29423123	2	1	2	2
29483574	29485721	1	4	1	1
29485847	29488847	1	3	0	1
29508520	29511104	2	1	2	2
29511296	29512019	2	1	1	2
29512136	29517027	2	0	3	2
29517116	29517261	2	1	1	2
29517366	29519004	2	0	3	2
29519120	29520006	2	0	3	2
29520104	29520996	2	0	1	2
29521099	29525836	2	0	1	2
29528177	29528424	2	0	1	2
29528466	29529160	2	0	2	2
29529239	29531829	2	0	1	2
29531963	29536622	2	1	5	2
29536738	29539328	2	1	2	2
29536738	29542857	2	1	0	2
29539476	29542857	2	2	0	2
29542956	29543427	2	1	2	2
29542956	29544458	2	1	1	2
29543542	29544458	2	1	1	2
29544603	29549050	2	1	3	2
29549158	29550726	2	1	1	2
29549158	29553669	2	1	2	2
29550843	29553669	2	3	2	2
29555999	29558868	2	0	3	2
29558953	29560732	2	0	1	2
29560828	29561169	2	1	1	2
29561202	29561504	2	0	2	2
29561646	29561790	2	1	2	2
29561862	29569191	2	0	3	2
29569287	29570160	2	1	0	2
29570207	29570403	2	0	0	2
29570532	29580983	2	0	1	2
29604112	29636749	1	2	0	1
29636876	29639088	1	2	2	1
29639212	29642200	1	3	3	1
29642285	29654655	1	2	0	1
29654725	29655592	1	1	4	1
29655676	29658187	1	3	1	1
29658264	29661203	1	1	0	1
29661339	29664988	1	2	0	1
29665064	29668331	1	1	0	1
29668446	29671824	1	4	0	1
29671948	29673267	1	1	0	1
29673486	29674834	1	2	1	1
29674941	29678194	1	1	0	1
29678323	29681437	1	0	0	1
29681601	29683018	1	2	0	1
29681601	29694750	1	2	0	1
29683064	29683699	1	0	0	1
29683064	29694750	1	0	0	1
29720533	29727660	1	1	0	1
29731354	29738328	2	1	2	2
29738441	29740648	2	0	1	2
29740730	29742416	2	1	3	2
29742480	29748416	2	0	2	2
29748571	29766870	2	1	0	2
29748571	29766947	2	1	4	2
29767548	29769676	1	1	0	1
29767607	29769676	1	2	0	1
29787230	29788322	2	0	2	2
29789184	29790467	2	2	1	2
29790548	29792431	2	0	2	2
29792535	29793358	2	1	3	2
29793490	29793575	2	2	2	2
29793676	29800989	2	0	2	2
29801110	29801992	2	0	3	2
29802208	29804636	2	0	2	2
29804830	29806214	2	1	0	2
29806553	29806795	2	0	2	2
29806904	29808109	2	1	0	2
29808185	29813428	2	0	4	2
29813542	29814655	2	1	1	2
29814767	29816004	2	2	3	2
29815634	29816004	2	0	2	2
29816073	29822333	2	1	3	2
29822464	29825085	2	1	0	2
29825257	29825620	2	2	2	2
29832342	29834487	2	1	3	2
29834550	29838176	2	1	2	2
29971062	29978440	1	1	1	1
29978531	29978934	1	2	2	1
29979052	29988478	1	0	2	1
29988562	29991502	1	2	2	1
29991670	29998759	1	2	1	1
29998857	30002878	1	0	0	1
30002993	30007112	1	4	1	1
30007319	30007899	1	1	0	1
30013541	30016526	1	0	2	1
30016698	30017925	1	0	2	1
30018072	30019478	1	1	1	1
30020884	30022027	1	1	0	1
30020884	30022607	1	1	0	1
30022139	30022607	1	2	0	1
30022697	30023455	1	5	1	1
30022697	30025628	1	2	1	1
30244061	30244753	2	0	0	2
30244933	30246166	2	1	2	2
30244933	30246675	2	1	3	2
30285926	30286014	2	0	1	2
30286376	30286823	2	0	3	2
30286948	30287153	2	1	1	2
30292851	30293649	2	2	2	2
30293805	30293919	2	1	2	2
30294110	30294794	2	1	1	2
30295055	30295735	2	0	1	2
30295843	30299442	2	1	0	2
30299551	30304529	2	0	2	2
30299551	30326671	2	0	0	2
30304630	30326671	2	1	0	2
30334695	30335465	2	1	2	2
30335538	30335650	2	2	3	2
30335753	30337024	2	1	2	2
30337180	30337688	2	0	3	2
30337897	30338787	2	0	0	2
30339034	30339128	2	3	2	2
30339251	30340194	2	2	3	2
30340381	30340693	2	0	2	2
30340812	30341690	2	1	2	2
30341885	30342198	2	1	2	2
30342350	30342803	2	2	3	2
30342879	30344931	2	0	2	2
30345190	30346310	2	2	2	2
30346519	30352949	2	0	4	2
30352036	30352251	1	15	1	1
30352109	30352251	1	15	1	1
30353072	30356728	2	0	4	2
30379622	30379709	2	1	1	2
30379813	30380060	4	0	2	2
30380205	30380280	2	4	3	2
30380401	30384337	2	0	3	2
30384495	30385902	2	1	0	2
30385989	30386068	2	0	2	2
30386141	30386614	2	0	4	2
30386759	30387027	2	0	1	2
30397170	30399641	1	2	0	1
30406385	30407093	1	2	0	1
30407154	30407413	1	2	4	1
30407603	30409185	1	2	0	1
30409282	30409424	1	2	0	1
30415865	30415946	1	2	0	1
30416403	30422275	1	0	0	1
30421823	30423361	2	0	4	2
30425946	30426715	1	1	1	1
30426844	30427169	1	2	3	1
30426844	30427238	1	2	1	1
30427403	30428460	1	4	2	1
30525109	30525609	2	0	3	2
30577129	30578835	2	1	2	2
30578998	30579135	2	0	2	2
30579303	30579749	2	1	2	2
30579935	30580051	2	2	3	2
30580178	30580569	2	1	2	2
30580701	30581010	2	1	1	2
30581101	30581332	2	0	2	2
30581408	30581526	2	0	2	2
30581644	30584363	2	0	0	2
30584454	30584544	2	2	2	2
30584717	30587284	2	2	1	2
30587395	30588019	2	3	2	2
30588174	30589189	2	1	2	2
30589270	30591792	2	0	1	2
30589270	30591808	2	0	2	2
30604102	30605412	2	0	2	2
30605517	30606807	2	1	0	2
30607395	30610869	1	1	0	1
30611063	30612871	1	1	2	1
30613042	30614347	1	1	1	1
30614501	30615299	1	1	0	1
30615473	30615599	1	3	0	1
30615787	30617328	1	2	0	1
30617495	30622966	1	0	0	1
30623083	30626458	1	2	2	1
30652297	30663011	2	0	0	2
30663260	30663402	2	0	2	2
30694344	30741159	1	4	0	1
30870682	30887424	1	0	1	1
30887618	30888221	1	1	1	1
30888340	30889175	1	3	0	1
30889234	30889488	1	0	3	1
30890973	30893120	1	3	5	1
30893242	30893461	1	2	3	1
30893566	30893636	1	4	0	1
30893733	30893815	1	2	2	1
30926871	30928017	2	1	2	2
30932452	30932543	2	1	1	2
30932769	30932887	2	1	1	2
30933030	30933464	2	0	2	2
30933520	30934058	2	0	2	2
30933628	30934058	2	0	2	2
30934191	30934779	2	1	1	2
30935161	30935246	2	1	2	2
30935322	30936509	2	0	3	2
30936643	30936930	2	3	1	2
30937037	30937581	2	0	1	2
30937969	30938063	2	1	0	2
30938205	30939619	2	0	1	2
30939706	30939957	2	2	1	2
30940041	30940756	2	0	1	2
30940837	30941431	2	1	3	2
30941558	30941889	2	1	0	2
30942002	30942110	2	1	1	2
30942271	30946339	2	2	0	2
30946449	30949750	2	1	0	2
30949842	30950375	2	2	0	2
30950445	30956761	2	0	3	2
30956797	30958639	2	0	2	2
30958694	30963223	2	0	2	2
30958694	30967820	2	0	0	2
30971779	30972046	1	1	0	1
30971779	30972853	1	1	0	1
30971779	30972922	1	1	0	1
30972172	30972853	1	0	0	1
30973587	30975168	1	2	0	1
30973601	30975168	1	1	0	1
31080569	31080674	1	1	1	1
31080754	31082914	1	2	0	1
31083309	31087963	1	1	0	1
31088113	31088511	1	0	0	1
31088606	31088697	1	1	0	1
31088777	31088870	1	1	0	1
31088969	31089697	1	2	2	1
31090019	31090106	1	2	0	1
31090180	31090806	1	3	0	1
31090879	31090959	1	2	0	1
31091482	31091673	1	3	0	1
31091847	31095301	1	2	0	1
31095455	31095532	1	1	0	1
31095609	31096731	1	2	0	1
31096897	31096996	1	0	0	1
31097060	31097267	1	0	0	1
31097338	31098665	1	2	0	1
31098840	31099060	1	1	0	1
31099179	31099743	1	2	0	1
31099896	31100883	1	0	1	1
31101049	31104314	1	1	1	1
31105128	31105206	2	0	2	2
31105286	31105656	2	0	0	2
31105692	31105928	2	4	2	2
31105965	31107375	2	0	2	2
31106115	31107375	2	1	2	2
31126721	31126919	1	1	2	1
31127037	31127355	1	1	1	1
31128654	31133096	1	3	0	1
31136799	31136906	2	0	1	2
31137040	31137708	2	3	1	2
31138410	31138665	2	3	3	2
31160303	31187045	1	2	1	1
31187270	31192682	1	1	0	1
31192702	31195467	1	3	0	1
31195581	31196934	1	3	0	1
31201615	31204487	1	6	0	1
31258426	31259119	1	1	3	1
31259230	31259887	1	1	0	1
31262239	31262593	1	2	2	1
31262791	31265944	1	2	1	1
31266132	31266982	1	2	4	1
31267070	31267774	1	2	2	1
31268200	31271134	1	1	1	1
31271201	31272528	1	1	1	1
31272704	31273450	1	1	1	1
31273507	31275149	1	2	0	1
31275308	31278295	1	2	0	1
31283288	31289313	2	1	2	2
31289393	31289497	2	1	1	2
31289699	31290963	2	0	5	2
31291084	31291178	2	1	1	2
31291296	31292273	2	1	2	2
31327309	31335690	2	0	2	2
31328859	31335690	2	2	2	2
31335863	31342895	2	0	4	2
31341683	31342895	2	2	3	2
31342960	31344330	2	1	5	2
31399725	31400618	1	2	0	1
31400743	31403027	1	2	4	1
31403204	31411010	1	3	0	1
31411081	31420254	1	3	0	1
31420425	31421306	1	0	0	1
31420425	31423278	1	0	0	1
31423410	31426613	1	2	0	1
31426782	31427058	1	0	0	1
31427182	31433870	1	0	0	1
31440121	31440702	2	0	3	2
31440868	31441772	2	3	1	2
31442118	31442960	2	0	2	2
31444690	31447424	2	1	4	2
31447565	31448151	2	0	3	2
31447568	31448151	2	0	3	2
31448232	31449346	2	2	1	2
31449531	31450287	2	1	2	2
31450360	31454142	2	0	0	2
31454376	31455134	2	0	0	2
31455315	31455850	2	2	3	2
31455987	31458473	2	0	1	2
31458650	31462930	2	2	2	2
31463133	31463679	2	0	1	2
31468302	31471842	2	0	2	2
31471917	31488621	2	1	0	2
31496637	31508253	1	2	0	1
31508376	31528688	1	2	2	1
31508376	31546859	1	2	0	1
31528863	31546859	1	2	0	1
31546971	31550252	1	3	2	1
31550348	31556940	1	1	0	1
31561392	31573056	1	3	1	1
31573214	31575229	1	1	0	1
31575392	31578380	1	0	0	1
31578452	31580270	1	1	0	1
31580364	31583873	1	1	0	1
31583972	31585066	1	3	0	1
31585134	31589445	1	2	0	1
31589577	31602210	1	2	1	1
31602293	31602605	1	1	1	1
31603819	31604307	1	2	0	1
31604404	31604867	1	1	0	1
31611840	31611997	1	3	1	1
31613855	31614787	1	0	0	1
31614860	31615046	1	2	1	1
31614869	31615046	1	1	1	1
31616877	31616998	1	2	1	1
31618226	31618312	1	3	3	1
31619836	31620551	2	1	1	2
31620713	31620994	2	1	3	2
31621142	31621332	2	0	3	2
31621885	31623682	2	2	1	2
31621885	31625761	2	3	1	2
31621885	31648099	2	2	2	2
31623849	31625761	2	2	1	2
31626016	31628851	2	0	2	2
31628210	31628851	2	0	2	2
31648276	31650697	2	0	4	2
31650778	31662142	2	0	2	2
31685803	31688154	2	2	2	2
31688227	31701654	2	2	2	2
31701762	31703548	2	1	2	2
31717291	31725536	2	0	2	2
31725610	31738385	2	1	2	2
31738911	31749389	2	1	1	2
31738911	31749991	2	1	1	2
31754979	31758525	1	1	0	1
31754979	31758544	1	1	0	1
31758633	31760654	1	3	0	1
31760702	31764973	1	1	0	1
31765060	31766583	1	2	1	1
31766668	31768812	1	1	2	1
31768863	31778097	1	4	0	1
31778168	31783905	1	1	2	1
31783985	31784812	1	1	1	1
31797703	31798580	1	3	0	1
31804915	31806120	1	4	0	1
31806191	31809609	1	2	0	1
31809647	31810519	1	0	0	1
31810641	31814990	1	4	0	1
31815212	31819020	1	2	0	1
31819225	31821500	1	1	1	1
31821637	31822691	1	2	1	1
31822790	31833913	1	2	3	1
31843812	31845016	1	2	0	1
31846967	31857443	1	0	2	1
31873332	31874271	1	0	1	1
31874405	31879523	1	3	0	1
31879752	31893580	1	3	0	1
31893751	31897480	1	1	2	1
31897653	31901740	1	0	1	1
31901802	31905982	1	2	5	1
31906066	31906203	1	3	1	1
31944820	31945498	1	1	5	1
31944820	31956137	1	1	4	1
31945235	31956137	1	0	2	1
32231075	32232897	2	0	3	2
32247515	32248741	2	4	1	2
32388099	32392238	2	1	2	2
32392359	32393890	2	1	1	2
32394002	32395024	2	0	0	2
32395214	32396072	2	1	2	2
32396249	32397939	2	0	3	2
32398100	32399601	2	0	3	2
32399759	32401745	2	0	0	2
32401903	32406660	2	2	2	2
32406761	32408173	2	0	0	2
32408242	32408753	2	2	1	2
32408833	32412062	2	2	2	2
32475124	32478979	1	3	0	1
32475124	32479131	1	4	0	1
32475398	32478979	1	1	0	1
32475398	32479131	1	1	0	1
32479275	32483895	1	1	0	1
32479275	32485066	1	1	1	1
32484124	32485066	1	3	1	1
32485209	32487743	1	1	0	1
32487828	32491084	1	4	1	1
32491181	32493103	1	2	0	1
32493281	32495491	1	2	0	1
32493281	32498142	1	2	0	1
32495530	32498142	1	0	0	1
32533895	32538034	2	3	2	2
32802122	32849450	1	1	0	1
32849534	32857247	1	2	0	1
32857360	32858015	1	2	2	1
32858138	32859178	1	2	0	1
32980702	33006350	2	2	1	2
33277255	33283200	2	2	4	2
33283348	33304227	2	1	4	2
33337801	33381917	2	2	2	2
33382044	33384190	2	1	4	2
33384304	33432159	2	1	3	2
33565019	33604433	2	0	2	2
33604558	33626242	2	0	2	2
33650668	33761369	2	0	2	2
33856802	33919993	2	0	2	2
35049956	35050327	2	10	0	2
35075906	35076114	2	1	2	2
35192547	35194855	2	2	2	2
35257557	35262321	1	2	0	1
35257557	35263076	1	2	0	1
35262421	35263076	1	2	0	1
35263226	35263794	1	2	1	1
35263874	35263980	1	2	1	1
35263874	35264646	1	2	0	1
35264096	35264646	1	2	0	1
35265603	35283960	1	2	0	1
35284043	35285995	1	2	0	1
35286061	35287345	1	1	0	1
35287452	35288236	1	2	0	1
35288407	35292990	1	2	1	1
35293114	35293605	1	1	0	1
35317961	35321957	1	1	0	1
35322037	35323026	1	0	2	1
35323177	35323494	1	3	0	1
35323630	35323766	1	1	0	1
35323914	35327269	1	3	0	1
35327387	35330345	1	4	1	1
35330480	35332979	1	1	2	1
35333014	35333402	1	2	1	1
35333497	35334326	1	0	0	1
35334126	35334326	1	1	0	1
35334448	35338711	1	0	1	1
35338788	35345723	1	1	0	1
35345784	35346928	1	1	1	1
35381196	35383104	3	3	0	1
35383226	35386683	1	2	0	1
35387176	35389862	1	2	0	1
35389963	35393466	1	2	0	1
35400208	35400429	1	2	1	1
35400605	35403205	1	3	1	1
35401814	35403205	1	2	1	1
35403333	35403412	1	1	0	1
35403542	35406551	1	2	0	1
35406725	35408406	1	0	0	1
35408563	35410742	1	3	2	1
35410910	35412508	1	1	1	1
35412681	35413873	1	2	1	1
35413986	35415827	1	1	2	1
35415972	35416337	1	2	0	1
35416404	35416636	1	2	1	1
35416814	35417742	1	1	0	1
35417856	35419882	1	0	1	1
35420012	35421316	1	1	1	1
35421460	35423212	1	3	1	1
35423341	35424152	1	3	0	1
35423341	35453997	1	3	0	1
35423341	35455049	1	3	0	1
35541500	35546799	1	3	0	1
35547080	35551501	1	3	1	1
35611106	35617161	2	1	3	2
35617265	35622476	2	0	1	2
35617265	35623189	2	0	1	2
35648623	35656377	1	2	0	1
35648623	35658613	1	2	1	1
35656475	35658613	1	2	1	1
35744249	35745921	2	1	1	2
35745995	35746471	2	0	1	2
35746561	35756103	2	1	0	2
35746561	35759886	2	1	1	2
35756144	35759886	2	0	1	2
35760020	35761200	2	0	0	2
35761294	35761413	2	0	3	2
35761468	35765421	2	2	1	2
35765483	35768255	2	3	2	2
35768349	35778023	2	1	2	2
35778078	35781598	2	0	1	2
35781743	35809778	2	0	1	2
35781746	35809778	2	0	1	2
35810004	35840190	2	1	2	2
35810004	35938845	2	1	2	2
35838684	35840190	2	0	2	2
35938897	36028238	2	0	2	2
36145599	36149044	2	0	2	2
36149142	36160667	2	1	1	2
36191912	36195309	2	1	3	2
36228280	36231338	2	1	3	2
36231466	36233151	2	0	2	2
36233241	36233400	2	1	2	2
36233455	36239134	2	1	2	2
36233455	36239439	2	1	1	2
36237363	36239439	2	1	1	2
36252934	36253118	1	2	1	1
36253219	36253836	1	1	0	1
36253219	36254896	1	1	1	1
36253219	36254935	1	1	1	1
36253991	36254935	1	0	1	1
36254999	36257081	1	1	1	1
36257136	36257317	1	2	1	1
36257407	36261594	1	2	0	1
36261722	36265149	1	3	1	1
36282785	36284091	2	1	3	2
36284265	36284401	2	1	3	2
36284511	36285119	2	1	0	2
36285329	36285656	2	0	6	2
36285781	36285863	2	0	1	2
36285953	36286716	2	1	2	2
36286846	36288250	2	1	3	2
36288413	36288725	2	3	3	2
36288939	36289083	2	2	0	2
36289297	36291984	2	0	4	2
36292234	36293327	2	2	7	2
36293481	36293757	2	1	2	2
36293863	36294090	2	3	5	2
36294298	36294930	2	3	1	2
36295076	36295503	2	2	3	2
36295717	36296841	2	0	3	2
36297014	36298917	2	0	2	2
36299042	36300125	2	1	2	2
36300264	36300849	2	1	3	2
36301057	36301532	2	0	3	2
36301665	36302566	2	2	2	2
36302676	36303993	2	0	0	2
36304155	36305031	2	0	1	2
36305102	36305928	2	0	2	2
36306051	36306412	2	1	2	2
36306607	36309280	2	0	1	2
36309396	36312047	2	3	2	2
36312222	36314143	2	1	0	2
36314318	36316515	2	0	0	2
36316669	36318205	2	1	4	2
36318325	36319538	2	0	2	2
36319635	36320218	2	1	1	2
36320363	36320796	2	0	0	2
36320896	36321756	2	0	0	2
36321821	36322427	2	1	0	2
36322521	36326566	2	1	3	2
36326661	36327459	2	0	0	2
36327488	36341368	2	0	2	2
36341526	36348902	2	0	0	2
36349255	36387805	2	2	2	2
36467917	36476731	2	2	2	2
36476856	36480573	2	3	0	2
36480837	36481562	2	0	2	2
36490267	36493631	2	0	2	2
36493803	36495965	2	0	1	2
36496208	36497989	2	1	0	2
36498156	36501239	2	0	3	2
36501407	36504096	2	2	0	2
36504367	36504513	2	0	5	2
36504766	36505894	2	0	5	2
36511000	36511501	2	0	2	2
36511786	36512458	2	0	1	2
36511786	36516476	2	0	1	2
36512602	36516476	2	0	1	2
36516607	36516703	2	0	1	2
36516790	36517299	2	1	1	2
36516790	36518761	2	1	1	2
36517431	36518761	2	0	1	2
36517493	36518761	2	0	1	2
36518910	36519403	2	0	2	2
36519537	36520574	2	0	0	2
36520688	36523207	2	0	3	2
36523281	36523893	2	0	2	2
36523980	36524594	2	0	7	2
36524732	36525662	2	0	0	2
36525709	36525997	2	2	2	2
36526131	36528878	2	0	1	2
36526131	36529074	2	0	3	2
36758409	36762902	2	0	1	2
36763013	36763917	2	2	2	2
36764036	36766136	4	0	1	2
36766197	36766900	2	1	2	2
36766197	36767304	2	1	1	2
36766987	36767304	2	0	1	2
36767365	36767781	2	0	1	2
36767862	36775672	2	1	3	2
36775794	36776029	2	1	1	2
36800918	36813644	2	0	1	2
36813755	36815101	2	0	1	2
36815235	36816943	2	0	1	2
36861203	36864043	1	2	0	1
36864129	36864917	1	0	2	1
36867462	36870413	1	2	0	1
36870542	36871650	1	0	0	1
36871709	36872325	1	2	1	1
36872425	36875651	1	2	1	1
36875783	36876027	1	0	1	1
36922283	36923242	1	2	0	1
36923367	36925985	1	0	1	1
36926177	36929400	1	1	0	1
36929559	36929637	1	2	1	1
36930510	36930671	1	1	1	1
36930830	36932763	1	0	0	1
36932904	36933830	1	2	1	1
36933994	36935349	1	1	0	1
36935687	36936547	1	3	0	1
36936652	36937375	1	1	1	1
37011325	37018136	2	1	2	2
37024810	37029214	1	1	1	1
37051949	37053098	1	1	1	1
37053208	37056318	1	1	1	1
37056411	37057396	1	3	3	1
37059438	37061102	1	2	0	1
37086419	37089576	2	1	0	2
37182735	37185216	2	4	1	2
37185455	37190863	2	2	1	2
37190928	37191670	2	0	1	2
37191737	37195379	2	0	1	2
37195458	37197601	2	0	1	2
37197861	37199322	2	1	0	2
37226039	37226669	2	2	1	2
37226803	37231229	2	0	1	2
37231390	37231930	2	0	2	2
37231994	37232799	2	1	1	2
37232918	37241585	2	2	0	2
37241658	37244112	2	1	1	2
37282588	37292619	1	2	0	1
37292703	37294658	1	3	0	1
37294724	37295997	1	2	0	1
37296065	37297562	1	2	1	1
37297682	37299224	1	2	1	1
37299306	37300905	1	3	1	1
37311064	37311454	1	0	1	1
37311527	37312018	1	0	0	1
37312174	37313437	1	1	0	1
37375996	37417767	2	1	1	2
37470029	37472441	2	0	3	2
37472528	37474510	2	2	3	2
37474677	37476894	2	0	3	2
37476981	37479343	2	0	1	2
37479498	37480195	4	1	2	2
37480299	37480719	2	1	1	2
37480769	37485921	2	0	2	2
37491867	37492433	2	0	2	2
37492550	37492642	2	0	1	2
37492802	37494084	2	0	3	2
37494188	37495515	2	0	0	2
37495586	37495758	2	0	2	2
37496003	37496447	2	0	1	2
37496555	37497017	2	1	2	2
37496560	37497017	2	0	2	2
37497178	37502600	2	2	3	2
37502725	37503183	2	1	3	2
37503213	37504184	2	0	2	2
37504301	37504633	2	1	1	2
37504769	37506190	2	1	2	2
37506383	37507827	2	1	2	2
37508682	37510210	2	1	3	2
37510421	37515971	2	2	1	2
37516298	37517969	2	0	1	2
37566812	37568106	1	1	1	1
37570412	37570574	2	0	2	2
37570735	37571847	2	0	1	2
37608903	37614188	1	0	0	1
37609360	37614192	1	0	0	1
37613191	37614188	1	1	0	1
37614274	37616920	1	1	1	1
37616997	37618446	1	1	3	1
37618546	37620236	1	3	0	1
37620361	37620811	1	1	1	1
37620913	37621614	1	2	0	1
37621696	37623325	1	2	1	1
37623467	37623550	1	2	1	1
37623633	37624967	1	2	0	1
37625076	37625795	1	1	1	1
37625949	37629460	1	1	1	1
37629526	37629996	1	3	0	1
37630170	37630901	1	1	1	1
37631099	37631994	1	0	1	1
37632165	37632403	1	2	2	1
37632515	37632599	1	2	1	1
37641168	37641372	1	3	3	1
37642615	37642893	1	1	1	1
37643006	37643096	1	2	1	1
37643174	37643642	1	3	1	1
37643788	37644635	1	1	1	1
37644705	37644868	1	0	0	1
37644960	37645363	1	4	0	1
37645510	37646816	1	2	1	1
37646929	37647265	1	3	5	1
37647348	37647439	1	4	0	1
37648435	37650150	1	1	1	1
37650249	37650540	1	2	0	1
37650725	37653777	1	2	1	1
37653873	37655270	1	0	0	1
37659356	37665553	1	1	1	1
37675711	37676984	1	0	1	1
37677065	37678374	1	2	0	1
37677065	37678481	1	2	0	1
37677065	37679601	1	2	3	1
37678654	37679601	1	2	3	1
37686475	37687908	1	1	1	1
37688015	37688310	1	2	0	1
37688360	37688848	1	1	0	1
37688992	37690695	1	2	1	1
37690794	37691172	1	1	1	1
37691424	37693330	1	2	2	1
37746420	37751770	1	1	0	1
37751828	37754875	1	2	0	1
37751828	37754914	1	2	0	1
37754984	37755099	1	2	1	1
37755190	37755548	1	0	0	1
37755659	37757611	1	0	1	1
37758138	37759152	1	2	2	1
37759264	37759415	1	5	0	1
37759264	37760359	1	3	0	1
37759264	37765668	1	5	1	1
37765817	37768072	1	3	0	1
37768176	37769026	1	0	2	1
37769187	37769260	1	4	1	1
37769375	37771648	1	2	3	1
37771736	37772599	1	2	1	1
37808163	37809947	1	2	1	1
37808163	37810025	1	2	1	1
37810157	37812885	1	3	0	1
37812988	37813461	1	2	1	1
37813609	37815124	1	3	0	1
37815280	37815416	1	1	1	1
37815500	37815661	1	4	1	1
37815834	37816198	1	2	2	1
37815876	37816198	1	1	2	1
37816321	37816565	1	2	1	1
37816718	37816798	3	0	6	1
37816725	37816927	1	1	1	1
37832017	37832635	2	3	4	2
37832744	37832956	2	0	3	2
37833082	37833157	2	1	2	2
37833206	37833682	2	0	1	2
37833755	37838498	2	0	1	2
37838598	37840185	2	0	3	2
37840234	37843909	2	0	1	2
37849482	37850013	1	2	1	1
37850063	37851278	1	3	1	1
37851490	37855563	1	2	0	1
37855644	37858677	1	1	0	1
37858740	37862967	1	0	1	1
37863038	37863270	1	0	0	1
37863345	37870174	1	3	0	1
37870347	37874368	1	2	4	1
37874524	37875839	1	2	0	1
37876011	37877672	1	1	0	1
37878171	37886763	1	2	1	1
37878171	37888424	1	2	0	1
37886845	37888424	1	2	0	1
37906568	37911950	1	0	0	1
37912000	37912349	1	1	1	1
37912492	37917705	1	2	0	1
37917795	37919034	1	3	1	1
37919178	37921970	1	1	3	1
37922426	37924658	1	1	1	1
37924717	37925659	1	1	1	1
37926043	37927409	1	1	0	1
37927820	37931797	1	2	0	1
37927826	37931797	1	2	0	1
37931933	37932551	1	2	2	1
37932679	37932796	1	1	0	1
37932888	37933037	1	0	0	1
37933112	37937078	1	3	0	1
37937188	37937744	3	1	1	1
37937792	37940707	1	2	0	1
37944517	37945040	2	0	0	2
37953807	37956771	1	0	0	1
37956842	37959344	1	2	1	1
37959476	37967097	1	0	1	1
37967170	37967623	1	0	1	1
37974198	37977865	2	1	3	2
37978135	37983355	2	1	2	2
37983868	37984337	2	3	2	2
38057436	38057751	1	3	0	1
38057489	38057751	1	1	0	1
38057587	38057751	1	0	0	1
38057850	38059232	1	0	0	1
38059345	38065000	1	3	5	1
38065130	38067702	1	2	1	1
38067770	38069031	1	1	0	1
38069122	38070836	1	1	0	1
38070891	38071680	1	2	1	1
38072610	38072998	1	1	0	1
38073092	38073771	1	1	0	1
38073823	38074305	1	0	1	1
38074451	38074862	1	1	0	1
38074451	38074867	1	1	1	1
38074967	38076029	1	2	1	1
38082355	38083064	1	2	1	1
38085704	38087051	1	1	0	1
38086449	38087122	2	2	2	2
38087119	38087229	1	3	0	1
38113654	38115525	2	1	2	2
38116211	38120757	2	1	0	2
38120909	38123093	2	2	0	2
38123258	38125637	2	0	0	2
38125691	38126369	2	0	0	2
38127458	38128267	2	1	2	2
38129562	38132829	2	0	1	2
38133013	38134986	2	0	2	2
38135084	38139980	2	2	1	2
38140169	38143103	2	0	3	2
38143288	38145436	2	0	3	2
38144978	38145436	2	0	3	2
38169467	38181782	2	0	2	2
38202212	38213821	1	1	2	1
38213889	38214418	1	2	0	1
38221710	38224783	2	1	2	2
38224979	38225422	2	1	2	2
38225593	38226777	2	0	0	2
38226870	38230667	2	1	5	2
38230744	38231242	2	2	0	2
38231334	38245933	2	0	1	2
38233606	38245933	2	0	1	2
38246100	38247768	2	0	4	2
38246885	38247768	2	0	4	2
38248019	38272882	2	1	2	2
38291938	38293253	2	0	3	2
38293319	38294107	2	0	2	2
38294248	38294340	2	1	1	2
38294534	38295385	2	1	2	2
38294534	38298784	2	1	0	2
38296686	38298784	2	1	0	2
38297155	38298784	2	0	0	2
38297998	38298092	2	2	1	2
38298203	38298784	2	1	0	2
38298934	38299893	2	0	0	2
38300065	38300722	2	0	1	2
38300952	38302859	2	0	1	2
38303009	38303136	2	0	1	2
38303031	38303136	2	0	1	2
38303248	38314080	2	2	1	2
38314169	38316655	2	0	2	2
38361560	38380368	2	0	2	2
38363104	38380368	2	0	2	2
38369379	38369984	2	0	0	2
38370045	38380368	2	0	4	2
38380423	38380935	2	0	2	2
38380423	38384048	2	0	2	2
38380990	38398778	2	0	2	2
38468324	38474521	1	1	1	1
38474623	38479591	1	2	3	1
38479751	38481210	1	2	0	1
38481464	38482494	1	2	0	1
38486440	38487871	2	2	1	2
38486440	38487877	2	2	1	2
38488115	38489221	2	0	1	2
38488115	38492054	2	0	2	2
38492115	38493708	2	0	1	2
38493771	38494019	2	0	1	2
38494131	38494628	2	2	0	2
38494802	38494884	2	0	1	2
38495046	38495794	2	2	2	2
38495937	38498083	2	0	0	2
38498150	38498438	2	0	1	2
38498573	38499398	2	0	0	2
38499499	38501128	2	0	0	2
38501280	38505949	2	0	1	2
38521724	38537590	2	0	0	2
38537652	38538293	2	0	2	2
38538409	38538537	2	0	1	2
38538612	38552664	2	2	1	2
38552707	38555355	2	0	2	2
38555409	38562285	2	0	0	2
38562369	38566588	2	1	0	2
38567627	38568204	2	1	2	2
38586199	38591359	2	1	0	2
38591540	38597202	2	1	4	2
38623279	38626178	2	1	2	2
38636597	38638744	2	0	1	2
38650262	38656118	2	1	3	2
38656750	38665544	1	2	0	1
38668132	38670882	1	0	0	1
38670989	38671068	1	3	0	1
38671188	38673157	1	1	0	1
38682095	38682321	1	2	0	1
38682441	38682877	1	3	2	1
38682996	38683765	1	3	0	1
38688001	38688933	2	1	2	2
38689129	38689294	2	1	4	2
38689424	38699801	2	2	2	2
38706147	38708843	1	2	0	1
38706147	38715905	1	2	0	1
38708956	38715905	1	3	0	1
38716087	38716650	1	3	1	1
38717000	38721740	1	1	3	1
38721865	38724295	1	3	0	1
38724411	38726004	1	2	1	1
38726150	38726256	1	1	1	1
38726440	38727211	1	2	0	1
38727348	38727981	1	1	0	1
38728161	38729460	1	2	0	1
38729662	38730610	1	4	0	1
38736256	38737949	1	0	1	1
38736380	38738171	2	1	3	2
38738265	38738585	2	1	0	2
38738754	38738871	2	0	8	2
38738988	38739340	2	1	2	2
38739426	38739720	2	0	2	2
38739943	38740265	2	3	0	2
38740432	38741005	2	0	2	2
38741050	38741492	2	1	3	2
38741571	38742299	2	1	3	2
38742555	38745682	2	1	6	2
38745811	38748711	2	3	1	2
38748783	38749764	2	1	4	2
38749859	38750223	2	1	4	2
38750320	38750896	2	1	1	2
38750320	38751208	2	1	1	2
38751035	38751208	2	5	1	2
38751373	38752505	2	1	3	2
38752665	38754640	2	0	2	2
38752665	38755761	2	0	2	2
38779613	38780924	2	0	2	2
38781009	38794066	2	0	2	2
38782870	38794066	2	0	4	2
38822833	38823081	2	1	3	2
38823262	38826498	2	2	2	2
38826747	38828285	2	1	1	2
38828512	38843233	2	0	2	2
38867201	38871478	2	1	2	2
38871546	38871690	2	1	0	2
38871757	38871900	2	2	0	2
38871945	38872120	2	1	2	2
38982470	38984073	1	4	0	1
38982470	39022820	1	4	0	1
38984231	38985810	1	4	2	1
38986091	38986296	1	2	0	1
38986412	38988820	1	4	1	1
38986412	38989455	1	3	0	1
38989610	38991330	1	2	1	1
38991626	38992032	1	1	0	1
38992149	38992429	1	5	0	1
39014379	39015593	1	4	0	1
39014379	39022820	1	4	0	1
39015751	39017764	1	4	2	1
39018045	39018267	1	2	0	1
39021536	39022820	1	4	0	1
39025671	39029361	1	5	0	1
39025671	39031692	1	3	3	1
39025671	39052072	1	3	3	1
39029519	39031692	1	4	2	1
39029519	39052072	1	4	2	1
39031973	39032196	1	2	0	1
39040977	39042935	1	6	0	1
39040977	39078930	1	6	0	1
39043090	39044081	1	3	2	1
39049581	39052072	1	4	2	1
39077378	39078930	1	6	0	1
39079085	39080931	1	4	2	1
39081227	39081469	1	1	0	1
39081585	39083729	1	3	0	1
39083884	39086277	1	2	1	1
39087126	39087405	1	5	0	1
39134048	39134399	2	0	1	2
39225313	39225693	2	1	4	2
39225847	39230082	2	0	2	2
39230228	39231620	2	3	5	2
39235874	39242924	2	1	3	2
39312984	39313189	2	1	1	2
39313310	39313632	2	0	2	2
39313310	39314105	2	0	1	2
39313729	39314105	2	1	1	2
39314208	39314684	2	0	2	2
39314846	39315367	2	1	2	2
39315555	39316704	2	0	2	2
39316841	39317459	2	1	1	2
39317629	39318398	2	0	0	2
39318566	39319593	2	0	1	2
39318592	39319593	2	0	1	2
39350109	39374314	1	1	0	1
39376197	39377596	1	1	0	1
39399835	39415004	1	0	1	1
39415142	39415498	1	3	1	1
39416877	39417709	1	2	1	1
39417849	39418730	1	1	2	1
39418845	39419517	1	1	1	1
39419630	39421825	1	2	0	1
39421971	39426701	1	4	1	1
39426925	39428019	1	2	0	1
39428183	39430013	1	0	0	1
39502437	39504201	1	1	0	1
39504534	39511286	1	5	0	1
39511438	39511847	1	1	0	1
39512026	39512230	1	3	0	1
39512494	39513515	1	3	2	1
39520751	39521352	1	0	1	1
39520751	39521373	1	0	0	1
39521671	39521771	1	1	0	1
39521671	39521792	1	1	0	1
39529210	39529818	2	2	3	2
39529623	39529818	2	0	3	2
39529917	39532393	2	0	1	2
39532523	39532685	2	0	1	2
39901330	39947091	1	2	0	1
39955910	39960053	1	0	0	1
39960174	39965988	1	3	1	1
39966158	39968040	1	4	1	1
39969533	39970903	1	1	0	1
39995531	40019166	1	2	2	1
40019335	40019885	1	1	0	1
40117128	40125793	1	2	0	1
40125862	40156113	1	2	2	1
40156182	40246013	1	0	0	1
40246102	40251177	1	2	2	1
40251200	40261830	1	2	0	1
40262173	40264686	1	4	0	1
40267036	40273423	1	2	0	1
40273600	40277075	1	2	0	1
40277151	40277997	1	1	0	1
40278044	40279993	1	2	1	1
40280143	40285643	1	2	1	1
40285770	40300453	1	2	2	1
40300586	40300908	1	1	1	1
40301333	40308510	1	1	1	1
40308649	40310815	1	1	1	1
40310993	40312503	1	3	0	1
40312651	40312900	1	2	1	1
40312997	40315281	1	3	0	1
40315507	40315940	1	1	0	1
40321229	40322852	1	0	3	1
40346711	40349830	1	4	0	1
40350035	40353071	1	0	1	1
40353117	40354246	1	2	0	1
40354327	40358862	1	0	1	1
40359035	40359258	1	3	3	1
40359306	40360400	1	2	0	1
40360492	40361271	1	2	0	1
40361342	40361486	1	1	1	1
40361635	40362979	1	1	0	1
40363071	40364274	1	0	4	1
40364365	40364878	1	4	1	1
40364365	40366434	1	3	2	1
40365056	40366434	1	4	2	1
40370688	40400694	1	3	1	1
40400813	40401591	1	2	1	1
40400813	40402137	1	2	0	1
40401675	40402137	1	2	0	1
40402205	40404245	1	2	0	1
40404455	40404555	1	3	0	1
40404664	40405139	1	3	0	1
40405284	40405647	1	1	3	1
40405844	40406076	1	1	0	1
40406223	40406436	1	2	1	1
40406662	40407015	1	3	2	1
40407071	40407199	1	1	1	1
40407328	40407411	1	1	1	1
40407568	40407787	1	0	0	1
40407843	40408069	1	2	1	1
40408120	40408275	1	2	0	1
40408429	40408625	1	2	1	1
40408697	40408772	1	3	1	1
40408697	40408792	1	4	2	1
40408842	40408931	1	1	1	1
40409018	40409248	1	0	0	1
40409372	40409463	1	1	0	1
40409525	40409680	1	2	1	1
40409525	40410130	1	2	0	1
40411907	40416984	2	0	2	2
40417046	40417339	2	1	3	2
40417493	40418372	2	0	3	2
40419384	40420403	2	2	2	2
40420576	40420845	2	2	0	2
40421100	40423534	2	0	2	2
40424381	40429604	2	0	1	2
40429767	40431403	2	0	2	2
40431480	40435497	2	0	1	2
40435554	40463219	2	0	0	2
40463286	40552104	2	0	1	2
40552367	40594672	2	0	2	2
40679734	40680947	1	3	1	1
40770981	40773935	2	0	2	2
40774019	40777038	2	0	1	2
40777135	40777226	2	0	2	2
40777373	40779007	2	0	1	2
40779125	40792523	2	1	2	2
40779125	40794512	2	1	0	2
40779125	40799021	2	1	1	2
40792676	40794512	2	0	0	2
40794580	40799021	2	0	1	2
40799083	40819193	2	1	1	2
40826666	40827094	2	1	3	2
40827229	40829624	2	2	3	2
40829674	40830838	2	1	1	2
40830956	40832567	2	1	1	2
40832671	40835558	2	0	3	2
40835670	40835801	2	0	3	2
40835887	40840624	2	4	1	2
40840692	40844837	2	0	2	2
40840692	40850821	2	0	2	2
40844909	40848292	2	0	2	2
40848369	40850821	2	1	2	2
40850880	40856429	2	0	2	2
40857245	40860676	1	3	1	1
40857245	40868997	1	4	1	1
40860793	40861616	1	2	1	1
40869115	40881768	1	2	1	1
40869115	40886311	1	2	0	1
40882177	40886311	1	3	0	1
40886515	40907585	1	3	1	1
40907649	40909120	1	2	0	1
40914324	40922331	1	3	2	1
40922513	40924360	1	2	1	1
40924482	40926267	1	1	1	1
40951476	40953553	1	2	0	1
40953633	40955285	1	0	0	1
40953633	40964045	1	0	1	1
40955446	40964045	1	2	1	1
40964117	40967797	1	0	0	1
40967884	40972474	1	0	3	1
41093098	41117185	1	2	0	1
41117821	41125862	1	2	0	1
41126040	41127485	1	1	1	1
41127748	41129888	1	2	0	1
41130003	41131386	1	0	0	1
41131633	41135811	1	0	2	1
41135906	41137651	1	0	0	1
41137790	41140138	1	0	0	1
41140257	41141046	1	0	1	1
41141222	41146737	1	0	0	1
41146816	41147835	1	1	2	1
41147946	41149036	1	1	0	1
41149175	41149759	1	0	1	1
41150198	41151831	1	0	0	1
41152012	41152204	1	2	0	1
41152350	41154993	1	0	0	1
41155113	41157167	1	0	1	1
41157408	41158410	1	2	0	1
41158500	41160640	1	4	3	1
41160722	41162721	1	0	0	1
41162779	41164051	1	0	2	1
41164130	41166597	1	1	0	1
41166666	41168447	1	0	1	1
41167384	41168447	1	0	1	1
41168599	41168719	1	2	2	1
41168867	41169501	1	2	1	1
41169616	41170404	1	1	0	1
41170571	41172497	1	2	1	1
41172663	41173621	1	0	2	1
41173784	41176245	1	2	2	1
41176528	41176771	1	2	1	1
41205386	41209694	1	2	1	1
41209933	41213891	1	4	0	1
41214026	41216137	1	3	1	1
41216262	41217121	1	1	0	1
41217202	41219417	1	0	2	1
41219536	41220732	1	3	1	1
41220868	41221197	1	0	0	1
41221287	41224018	1	2	0	1
41224251	41224723	1	2	0	1
41224801	41224965	1	3	2	1
41225071	41225792	1	2	2	1
41225941	41226660	1	2	2	1
41226744	41227087	1	1	1	1
41227323	41227573	1	3	2	1
41227323	41227802	1	3	0	1
41227869	41229538	1	0	1	1
41229656	41230137	1	0	0	1
41246672	41249328	2	1	0	2
41249451	41249727	2	0	2	2
41249817	41251005	2	0	2	2
41251109	41252870	2	0	3	2
41251109	41254306	2	0	1	2
41252991	41254306	2	1	1	2
41254494	41256019	2	0	3	2
41256105	41256189	2	1	1	2
41256290	41256709	2	1	2	2
41256290	41257946	2	1	2	2
41256824	41257946	2	0	2	2
41258106	41261444	2	2	1	2
41258106	41264662	2	2	2	2
41261580	41264662	2	0	2	2
41264843	41268095	2	0	1	2
41268156	41274598	2	0	2	2
41274727	41280931	2	0	1	2
41281082	41285542	2	0	0	2
41281082	41285984	2	0	1	2
41293583	41339001	2	1	0	2
41301772	41320653	1	2	0	1
41320713	41325562	1	0	2	1
41325597	41325719	1	2	1	1
41325918	41327204	1	1	1	1
41327364	41330021	1	0	1	1
41330103	41332169	1	3	1	1
41332227	41338311	1	3	1	1
41338355	41338999	1	3	0	1
41339191	41339814	1	1	0	1
41340137	41341086	1	1	0	1
41341146	41342527	1	1	0	1
41342628	41343413	1	2	1	1
41343576	41346001	1	2	0	1
41343576	41346060	1	2	1	1
41346208	41348065	1	2	0	1
41348167	41349118	1	0	3	1
41349301	41351559	1	3	1	1
41351646	41355467	1	1	1	1
41355602	41355755	1	1	0	1
41355862	41355952	1	0	0	1
41356062	41356341	1	0	0	1
41356476	41356643	1	1	0	1
41356808	41357175	1	4	1	1
41372733	41375032	2	0	2	2
41387668	41394094	1	2	0	1
41394316	41395743	1	2	1	1
41437407	41446373	2	0	0	2
41437407	41446377	2	0	0	2
41460487	41467446	2	0	0	2
41467614	41468122	2	4	0	2
41468147	41468600	2	0	1	2
41469182	41499724	1	5	0	1
41499862	41507789	1	1	0	1
41508049	41511874	1	2	1	1
41511968	41515375	1	3	0	1
41515535	41515765	1	2	4	1
41515917	41517525	1	1	1	1
41517631	41517941	1	2	1	1
41517631	41518479	1	2	0	1
41518572	41520169	1	2	0	1
41518572	41522828	1	2	2	1
41520276	41522828	1	1	2	1
41522987	41523203	1	0	1	1
41523278	41523828	1	3	1	1
41523941	41524844	1	2	0	1
41524968	41525191	1	1	1	1
41525348	41526260	1	4	4	1
41526453	41527286	1	2	0	1
41527420	41527899	1	1	0	1
41528022	41528477	1	2	0	1
41529336	41530685	2	1	1	2
41530888	41532092	2	0	0	2
41532157	41532657	2	0	1	2
41532745	41540697	2	0	2	2
41540795	41543989	2	2	2	2
41573777	41574731	1	0	0	1
41577440	41577806	2	1	0	2
41577923	41578804	2	1	2	2
41578881	41583957	2	0	2	2
41584058	41584279	2	0	1	2
41584058	41584525	2	0	3	2
41584372	41584525	2	0	3	2
41586193	41589717	2	0	2	2
41601190	41603257	2	1	0	2
41602783	41603257	2	0	0	2
41603381	41604042	2	0	1	2
41604153	41607260	2	1	1	2
41607331	41607838	2	1	1	2
41607861	41620750	2	1	1	2
41621345	41621988	1	2	0	1
41621410	41621988	1	1	0	1
41622086	41628116	1	1	1	1
41628230	41636111	1	3	0	1
41636251	41636514	1	3	2	1
41636770	41637606	1	4	1	1
41637791	41646894	1	3	2	1
41647082	41650721	1	4	0	1
41650891	41653527	1	1	1	1
41653690	41656901	1	3	1	1
41657032	41658250	1	4	0	1
41658352	41661329	1	0	0	1
41658352	41663620	1	0	0	1
41661444	41663620	1	1	0	1
41675195	41680242	2	0	1	2
41680364	41682354	2	0	1	2
41680364	41688792	2	0	1	2
41682587	41688792	2	0	1	2
41688327	41688792	2	1	1	2
41689304	41690782	1	0	2	1
41690843	41693461	1	2	3	1
41800766	41800997	1	3	1	1
41800766	41808873	1	4	0	1
41808993	41809877	1	0	0	1
41810000	41810205	1	2	3	1
41810291	41813262	1	1	0	1
41813445	41813749	1	1	0	1
41813822	41825696	1	2	0	1
41833358	41866829	1	1	0	1
41867280	41868609	1	4	0	1
41868792	41870887	1	1	2	1
41871035	41873796	1	0	0	1
41874019	41875335	1	2	0	1
41875451	41875541	1	0	0	1
41875724	41877227	1	3	2	1
41877421	41877940	1	2	2	1
41878123	41880714	1	0	1	1
41878758	41880714	1	0	1	1
41880992	41884840	1	2	1	1
41885011	41893115	1	0	0	1
41893285	41894818	1	4	0	1
41894937	41897050	1	1	0	1
41897161	41898647	1	1	2	1
41898781	41899337	1	0	0	1
41898781	41900328	1	0	1	1
41900498	41902968	1	0	3	1
41903155	41904861	1	2	3	1
41939196	41943608	2	3	2	2
41943701	41945223	2	0	1	2
41945304	41945911	2	0	3	2
41946005	41946415	2	0	0	2
41946496	41947018	2	0	1	2
41977074	41981643	1	2	1	1
41981836	41985982	1	1	1	1
41986112	41987204	1	1	0	1
41987287	41987620	1	1	0	1
41987759	41989565	1	0	0	1
41989684	41991571	1	1	2	1
41991668	41992662	1	1	0	1
41992763	41994288	1	2	0	1
42060413	42060922	2	1	2	2
42061067	42062825	2	1	2	2
42063024	42065736	2	0	1	2
42065899	42066708	2	2	1	2
42066804	42067111	2	1	1	2
42067290	42067763	2	2	0	2
42067936	42068437	2	0	2	2
42068574	42070280	2	0	2	2
42070373	42070761	2	0	1	2
42082065	42083117	1	4	1	1
42086314	42087058	2	1	2	2
42087175	42090604	2	0	1	2
42091181	42091295	1	2	0	1
42091600	42124045	1	3	2	1
42091600	42136197	1	3	2	1
42123675	42123920	2	3	0	2
42123675	42136072	2	3	0	2
42126752	42126849	2	1	3	2
42127533	42141237	2	7	3	2
42129909	42130610	2	0	3	2
42129909	42144282	2	0	3	2
42135827	42136072	2	3	0	2
42143581	42144282	2	0	3	2
42150064	42150161	2	1	3	2
42151295	42151470	2	0	2	2
42151611	42152175	2	1	0	2
42161358	42169845	2	5	2	2
42168703	42169845	2	0	2	2
42168736	42169845	2	0	2	2
42169896	42179607	2	0	3	2
42179702	42209649	2	0	1	2
42215341	42270337	2	1	2	2
42411736	42432235	2	1	3	2
42501774	42501917	1	2	0	1
42502392	42502747	1	1	3	1
42502768	42503197	1	1	0	1
42503273	42505031	1	0	1	1
42503273	42558346	1	0	1	1
42512995	42514104	2	0	0	2
42514304	42514680	2	1	2	2
42514779	42515149	2	0	0	2
42515268	42516009	2	1	1	2
42516136	42518003	2	1	2	2
42518147	42519712	2	0	3	2
42555087	42555230	1	2	0	1
42555705	42556062	1	1	3	1
42556083	42556512	1	1	0	1
42556588	42558346	1	0	1	1
42556674	42574678	2	0	2	2
42558457	42560184	1	2	2	1
42574818	42575929	2	0	0	2
42576126	42576510	2	1	2	2
42576609	42576979	2	0	0	2
42577098	42577842	2	1	1	2
42577962	42578538	2	0	3	2
42577962	42580215	2	0	2	2
42580359	42581927	2	0	3	2
42585968	42587504	2	1	0	2
42587572	42591953	2	1	1	2
42592084	42595535	2	1	0	2
42595614	42596184	2	0	2	2
42596365	42599696	2	1	1	2
42597737	42599696	2	1	1	2
42599793	42601968	2	0	3	2
42599793	42602768	2	0	3	2
42602056	42602768	2	2	5	2
42603160	42614797	2	1	1	2
42619945	42623787	2	0	2	2
42623888	42627302	2	0	3	2
42627389	42627603	2	1	3	2
42627688	42628150	2	1	2	2
42628281	42630880	2	2	2	2
42630988	42631376	2	1	1	2
42631450	42636713	2	0	2	2
42636846	42649293	2	0	1	2
42693997	42695489	2	0	1	2
42693997	42695573	2	0	2	2
42695631	42720795	2	0	2	2
42797605	42799037	2	1	5	2
42799160	42807071	2	1	4	2
42807163	42808765	2	0	0	2
42808890	42810811	2	0	3	2
42810944	42817140	2	0	2	2
42817264	42817727	2	0	3	2
42817857	42822268	2	0	0	2
42822409	42823654	2	0	0	2
42823702	42826938	2	0	2	2
42826999	42831547	2	5	2	2
42831636	42834240	2	2	2	2
42834325	42835360	2	0	0	2
42835493	42840942	2	0	0	2
42841016	42847512	2	0	1	2
42847632	42857112	2	2	2	2
42871469	42876135	2	1	1	2
42876333	42876886	2	0	0	2
42877010	42879046	2	0	2	2
42879169	42882182	2	1	2	2
42882304	42884384	2	0	1	2
42884561	42888641	2	0	2	2
42888798	42890945	2	3	2	2
42891182	42893455	2	1	2	2
42893613	42912019	2	2	2	2
42912157	43015019	2	2	2	2
43039905	43046408	2	3	0	2
43046573	43051799	2	2	2	2
43051887	43059382	2	0	1	2
43059527	43063811	2	1	1	2
43063921	43064188	2	3	0	2
43064324	43068408	2	2	0	2
43068590	43069634	2	0	1	2
43069844	43075472	2	1	1	2
43070242	43075472	2	1	1	2
43079986	43089275	2	1	2	2
43127795	43128494	1	2	0	1
43128625	43129211	1	1	2	1
43133486	43137079	2	1	2	2
43133486	43141160	2	1	2	2
43137298	43141160	2	2	2	2
43141249	43142924	2	4	1	2
43155938	43159208	1	1	0	1
43159420	43161050	1	1	3	1
43161190	43162801	1	1	1	1
43168159	43168772	2	1	1	2
43168912	43169498	2	1	4	2
43169568	43171817	2	2	4	2
43169568	43173713	2	3	2	2
43171900	43172401	2	1	1	2
43172554	43173713	2	2	2	2
43173826	43174207	2	1	1	2
43174403	43174497	2	1	3	2
43174615	43176318	2	1	0	2
43176396	43179617	2	1	2	2
43179752	43179839	2	0	1	2
43180000	43180740	2	0	1	2
43180940	43182978	2	0	3	2
43183149	43186891	2	2	2	2
43238954	43255486	2	0	1	2
43238954	43258217	2	0	1	2
43320065	43339102	2	0	2	2
43339235	43343172	2	1	3	2
43833734	43838865	2	0	0	2
43838993	43839943	2	2	2	2
43927167	43928822	1	0	1	1
43928889	43932876	1	1	0	1
43937272	43939991	1	3	0	1
43940125	43944689	1	2	0	1
43944795	43946152	1	3	2	1
43955598	43963284	1	1	0	1
43963396	43964450	1	0	3	1
43964553	43968729	1	2	3	1
43968818	43972234	1	2	2	1
43972342	43972869	1	1	3	1
43973001	43973234	1	0	0	1
43973323	43976053	1	0	0	1
43976183	43976748	1	1	0	1
43976821	43977870	1	3	1	1
43977958	43981389	1	0	2	1
43981461	43983931	1	3	2	1
43984000	43989109	1	2	1	1
43989257	43990263	1	1	1	1
43990406	43996336	1	2	1	1
44024451	44093926	1	1	0	1
44094017	44100051	1	1	0	1
44100123	44119036	1	2	2	1
44119140	44131485	1	1	0	1
44131627	44132892	1	0	0	1
44133009	44136458	1	1	0	1
44136518	44140122	1	0	1	1
44140143	44147859	1	1	0	1
44147922	44151481	1	2	0	1
44147922	44157980	1	2	0	1
44151551	44157980	1	3	0	1
44151551	44198619	1	2	0	1
44158083	44163856	1	2	2	1
44163930	44168600	1	2	0	1
44173191	44183316	1	5	1	1
44183408	44185806	1	2	1	1
44185872	44187774	1	2	2	1
44187878	44189112	1	0	0	1
44189254	44190549	1	0	1	1
44192104	44193799	1	4	0	1
44193823	44196153	1	0	0	1
44196213	44196345	1	2	1	1
44196415	44198619	1	2	0	1
44249685	44285426	2	0	1	2
44285745	44296670	2	0	0	2
44296885	44300877	2	0	3	2
44300977	44331493	2	1	2	2
44497811	44498042	2	1	4	2
44702608	44714589	1	3	0	1
44714671	44725242	1	1	1	1
44725292	44726575	1	3	0	1
44726634	44731728	1	1	1	1
44726634	44731733	1	1	0	1
44731004	44731728	1	0	1	1
44731821	44732249	1	3	1	1
44732391	44735025	1	6	1	1
44752627	44786455	1	3	0	1
44766189	44786455	1	3	0	1
44786606	44808305	1	3	3	1
44808438	44814670	1	0	4	1
44814758	44822369	1	2	0	1
44822469	44825481	1	1	3	1
44825593	44845267	1	0	0	1
44848050	44848930	1	2	1	1
44849060	44849449	1	0	0	1
44849060	44859729	1	0	3	1
44885529	44893455	2	0	2	2
44885938	44887961	2	1	2	2
44888121	44891304	2	0	2	2
44893533	44896030	2	0	2	2
44896083	44913820	2	0	2	2
45134797	45138822	2	1	4	2
45134797	45163665	2	1	2	2
45152623	45163516	2	0	3	2
45158174	45163516	2	1	2	2
45164296	45168166	1	2	2	1
45168246	45170986	1	2	1	1
45168246	45171598	1	2	2	1
45171109	45171598	1	2	2	1
45171177	45171598	1	0	2	1
45171683	45175892	1	0	0	1
45171683	45178798	1	0	0	1
45176080	45178236	1	1	2	1
45178900	45181284	1	4	2	1
45181367	45183400	1	0	2	1
45183520	45184451	1	2	1	1
45197216	45197788	2	0	2	2
45197948	45199871	2	0	2	2
45200035	45202988	2	2	1	2
45203184	45203843	2	5	1	2
45203985	45205215	2	3	2	2
45205318	45205628	2	0	3	2
45205707	45205791	2	0	2	2
45205912	45211954	2	1	2	2
45212107	45212263	2	1	1	2
45289143	45293179	1	0	0	1
45310183	45310945	1	2	1	1
45311023	45322369	1	0	0	1
45322215	45322369	1	0	0	1
45323427	45327840	1	0	0	1
45323427	45332423	1	0	1	1
45330756	45332423	1	1	1	1
45332710	45335348	1	3	0	1
45335382	45336326	1	1	4	1
45336411	45340384	1	1	0	1
45344657	45345457	2	0	2	2
45345569	45353976	2	2	0	2
45359958	45369952	2	1	2	2
45372292	45383465	2	1	2	2
45417946	45422288	1	3	0	1
45419359	45422288	1	3	0	1
45422408	45425946	1	2	1	1
45503064	45518680	1	2	0	1
45518787	45525541	1	3	1	1
45525678	45527845	1	2	0	1
45528009	45531263	1	1	0	1
45531324	45533061	1	2	1	1
45533164	45533759	1	2	0	1
45533898	45535198	1	2	0	1
45535337	45541227	1	1	0	1
45541372	45542153	1	1	0	1
45542283	45543399	1	1	0	1
45543526	45547083	1	2	0	1
45547204	45548611	1	2	0	1
45548744	45550490	1	2	0	1
45550615	45562910	1	0	0	1
45550615	45574509	1	0	1	1
45574653	45576975	1	2	0	1
45577108	45600305	1	1	3	1
45672179	45689710	1	1	0	1
45689903	45692994	1	3	1	1
45693078	45700280	1	2	0	1
45700378	45702687	1	0	2	1
45702847	45718411	1	0	2	1
45718493	45729423	1	2	0	1
45729590	45738729	1	2	1	1
45737083	45738729	1	0	1	1
45738839	45740367	1	1	0	1
45740538	45806957	1	2	4	1
45807022	45842989	1	0	0	1
45843178	45843667	1	0	0	1
45876533	45877329	1	2	1	1
45950146	45976682	2	0	1	2
46013482	46014135	2	0	2	2
46013810	46014495	1	4	1	1
46041208	46042572	2	1	2	2
46042640	46043561	2	1	2	2
46056945	46057060	1	2	0	1
46098010	46098492	1	4	2	1
46098558	46103190	1	2	1	1
46103249	46105407	1	2	1	1
46151177	46151886	1	1	1	1
46151970	46176751	1	5	0	1
46176836	46198340	1	2	0	1
46198591	46215171	1	1	0	1
46215333	46218261	1	2	1	1
46218401	46219810	1	1	0	1
46220014	46231790	1	0	0	1
46232239	46235131	1	2	0	1
46268072	46268512	1	2	1	1
46268591	46272333	1	3	0	1
46272416	46273896	1	1	0	1
46275421	46278584	1	2	0	1
46278661	46281597	1	2	1	1
46281718	46281969	1	2	1	1
46281718	46283971	1	2	1	1
46284032	46285239	1	2	1	1
46285279	46287071	1	0	0	1
46287154	46288421	1	2	1	1
46288588	46289400	1	0	0	1
46289561	46289824	1	3	0	1
46289899	46292201	1	1	0	1
46289899	46292789	1	1	1	1
46292328	46292789	1	1	1	1
46308207	46308317	1	2	0	1
46308943	46312139	1	2	0	1
46312305	46313888	1	2	0	1
46312305	46316030	1	2	0	1
46314013	46316030	1	2	0	1
46316412	46323188	1	1	4	1
46323262	46326434	1	3	1	1
46326654	46328686	1	2	0	1
46328889	46329356	1	2	1	1
46329567	46330045	1	3	0	1
46331732	46333080	1	3	1	1
46335846	46337777	1	2	2	1
46337944	46343260	1	2	0	1
46337944	46346420	1	3	1	1
46343368	46346420	1	1	1	1
46346544	46350289	1	1	0	1
46346544	46350344	1	1	0	1
46346544	46350348	1	1	2	1
46350463	46352119	1	2	0	1
46352174	46352262	1	3	0	1
46352330	46353765	1	2	2	1
46353867	46355442	1	1	1	1
46355588	46355988	1	2	0	1
46355588	46356840	1	2	0	1
46356072	46356840	1	4	0	1
46357062	46357809	1	1	0	1
46363247	46363994	2	0	0	2
46364251	46364510	2	1	2	2
46366480	46366991	2	0	1	2
46367118	46367727	2	1	3	2
46367855	46369177	2	0	0	2
46369804	46372881	2	1	3	2
46378717	46380786	2	0	0	2
46380955	46381844	2	2	1	2
46389499	46390390	2	0	1	2
46390486	46391184	2	1	1	2
46391816	46394140	2	1	2	2
46394262	46396603	2	0	0	2
46396746	46397672	2	1	2	2
46397848	46398522	2	1	6	2
46398637	46399715	2	0	3	2
46399902	46408994	2	0	6	2
46409880	46410396	2	1	2	2
46410561	46411600	2	2	0	2
46433481	46436172	2	1	5	2
46436289	46439187	2	2	0	2
46559231	46560740	2	3	2	2
46613510	46626749	1	1	1	1
46626961	46637838	1	0	1	1
46637960	46658185	1	0	0	1
46663172	46663836	1	2	2	1
46663863	46664024	1	0	0	1
46664117	46665613	1	0	3	1
46665706	46666823	1	7	1	1
46666873	46668094	1	1	1	1
46668167	46668687	1	3	0	1
46668732	46668797	1	0	0	1
46668908	46672841	1	1	1	1
46673814	46674655	1	1	0	1
46674750	46675466	1	0	0	1
46675552	46676598	1	2	0	1
46676668	46677145	1	0	0	1
46686639	46687101	2	1	0	2
46687206	46689990	2	0	3	2
46687206	46689995	2	0	2	2
46690200	46691570	2	0	2	2
46691777	46693425	2	0	1	2
46693503	46693673	2	0	0	2
46693503	46695208	2	0	1	2
46695315	46699311	2	2	3	2
46699465	46701634	2	1	1	2
46701710	46707841	2	1	3	2
46707988	46711084	2	0	1	2
46711149	46712166	2	0	1	2
46712293	46720084	2	0	0	2
46720208	46720900	2	0	3	2
46721015	46738005	2	0	1	2
46762848	46792518	1	3	0	1
46764286	46768046	1	2	0	1
46792576	46793499	1	0	0	1
46797620	46878651	1	1	0	1
46859127	46859178	1	6	43	1
46859127	46859281	1	6	43	1
46859230	46859281	1	6	43	1
46878723	46891264	1	0	1	1
46891394	46894782	1	3	0	1
46912188	46974288	1	2	0	1
46974399	46997632	1	2	1	1
46997709	47037069	1	1	0	1
47037198	47111506	1	2	0	1
47069706	47070473	2	6	8	2
47069706	47070882	2	15	8	2
47069848	47070473	2	6	48	2
47069848	47070882	2	15	48	2
47111603	47173496	1	0	1	1
47631886	47635178	1	2	3	1
47635353	47686198	1	0	1	1
47686312	47686547	1	2	0	1
47686312	47686573	1	2	1	1
47686695	47686801	1	1	1	1
47860818	47861990	1	4	1	1
48336917	48337209	1	0	0	1
48693381	48707715	1	3	0	1
48707844	48749837	1	1	2	1
49416035	49416813	2	0	2	2
49416735	49416813	2	0	2	2
49552968	49553012	2	23	21	2
49774416	49775589	2	1	1	2
49775745	49776048	2	0	1	2
49776159	49777032	2	0	1	2
49777161	49777676	2	0	2	2
49777813	49787388	2	2	3	2
49787494	49794032	2	0	2	2
49787887	49794032	2	1	2	2
49794294	49797803	2	0	1	2
49798117	49798556	2	2	2	2
49798686	49798986	2	3	3	2
49799119	49822949	2	0	2	2
49804360	49822949	2	2	2	2
49904066	49904177	2	3	2	2
49904254	49904335	2	0	2	2
49904506	49907719	2	1	0	2
49907944	49909242	2	0	1	2
49909347	49909892	2	1	2	2
49910088	49910432	2	0	2	2
49910607	49913383	2	0	3	2
49913517	49913602	2	0	4	2
49918898	49919228	1	3	1	1
49919312	49919728	1	3	0	1
49919840	49920154	1	0	1	1
49920247	49921583	1	1	0	1
49921761	49922610	1	3	0	1
49922707	49923232	1	1	0	1
49923317	49924358	1	2	0	1
49924455	49925415	1	2	0	1
49925557	49927253	1	1	0	1
49925730	49927253	1	2	0	1
49961032	49961123	1	3	0	1
49961234	49961316	1	1	3	1
49961368	49961440	1	1	1	1
49961811	49962687	1	1	1	1
49962865	49962938	1	3	0	1
50080019	50080342	2	0	1	2
50080397	50083082	2	0	0	2
50084961	50085353	2	0	2	2
50143221	50144095	1	2	3	1
50160825	50160962	1	0	1	1
50161055	50161366	1	0	0	1
50170956	50175430	1	3	1	1
50185976	50193025	1	1	1	1
50193093	50193574	1	2	1	1
50193654	50194338	1	0	0	1
50194506	50194898	1	2	0	1
50195040	50197239	1	4	0	1
50195040	50197447	1	3	1	1
50197351	50197447	1	2	1	1
50197588	50197821	1	3	0	1
50197995	50198073	1	1	0	1
50198186	50198343	1	0	0	1
50198515	50199114	1	0	0	1
50201590	50206315	1	3	0	1
50206520	50208534	1	2	2	1
50208716	50210179	1	2	2	1
50210311	50210629	1	3	3	1
50210911	50215715	1	1	3	1
50215867	50216689	1	1	1	1
50216876	50216970	1	3	0	1
50217827	50217916	2	0	2	2
50218117	50218187	2	1	3	2
50218402	50218486	2	0	3	2
50218620	50218701	2	2	2	2
50219209	50219286	2	0	0	2
50219456	50219642	2	0	0	2
50219791	50219955	2	1	2	2
50220015	50222026	2	1	3	2
50221874	50222026	2	2	3	2
50222102	50222452	2	1	5	2
50222568	50224139	2	0	2	2
50222592	50224139	2	1	2	2
50224256	50224330	2	0	2	2
50224420	50224509	2	0	1	2
50224592	50225792	2	1	2	2
50225943	50226048	2	0	1	2
50226189	50226285	2	0	2	2
50226378	50226731	2	2	1	2
50226842	50226997	2	1	0	2
50227077	50227905	2	2	2	2
50228028	50229402	2	1	3	2
50229577	50233314	2	0	3	2
50233526	50240202	2	0	1	2
50240367	50243717	2	2	2	2
50245530	50245673	2	0	2	2
50246092	50246296	2	0	1	2
50246376	50246677	2	1	1	2
50246735	50246873	2	1	2	2
50246966	50247888	2	3	3	2
50247776	50247888	2	1	3	2
50248145	50248223	2	0	2	2
50248472	50248660	2	1	2	2
50248472	50248696	2	1	3	2
50248751	50249326	2	1	4	2
50249168	50249326	2	2	4	2
50249454	50249633	2	0	3	2
50249703	50249858	2	1	3	2
50249964	50250061	2	1	2	2
50250160	50250425	2	0	1	2
50250160	50250769	2	0	5	2
50250523	50250769	2	0	3	2
50250905	50250972	2	0	0	2
50253480	50255195	2	3	0	2
50255370	50255451	2	0	1	2
50255531	50255613	2	1	2	2
50255694	50255808	2	0	0	2
50255881	50256083	2	0	1	2
50256199	50256597	2	0	2	2
50256646	50256786	2	1	5	2
50256646	50256933	2	1	0	2
50256964	50257080	2	0	1	2
50257193	50258241	2	0	0	2
50258301	50261165	2	4	0	2
50261296	50261383	2	0	1	2
50265027	50265319	2	0	1	2
50265494	50265580	2	0	1	2
50265660	50266224	2	1	0	2
50266305	50266538	2	0	0	2
50267048	50267125	2	0	1	2
50267174	50267255	2	1	1	2
50267482	50267567	2	2	0	2
50267627	50267818	2	2	0	2
50275808	50275887	2	0	2	2
50275963	50276627	2	1	1	2
50276704	50276840	2	0	0	2
50276906	50277589	2	1	0	2
50277738	50277851	2	0	3	2
50278013	50278115	2	1	2	2
50278271	50278433	2	1	0	2
50278519	50278594	2	2	0	2
50278696	50278853	2	0	1	2
50279011	50279628	2	0	1	2
50279776	50280003	2	1	2	2
50280071	50280487	2	2	3	2
50280670	50280742	2	0	0	2
50280973	50281087	2	0	3	2
50281189	50281358	2	1	1	2
50281499	50281564	2	3	0	2
50281742	50281852	2	1	1	2
50282081	50282182	2	2	1	2
50282313	50282709	2	0	3	2
50282881	50283048	2	1	0	2
50283186	50283335	2	0	0	2
50283445	50283600	2	1	1	2
50283750	50283831	2	0	1	2
50283990	50284130	2	0	1	2
50284213	50284571	2	0	2	2
50284665	50285798	2	1	2	2
50285901	50285988	2	1	1	2
50286098	50286171	2	3	0	2
50286287	50287109	2	0	1	2
50287264	50287665	2	4	2	2
50287793	50287935	2	0	1	2
50288037	50288741	2	3	2	2
50288871	50288958	2	2	2	2
50289142	50289515	2	1	1	2
50290597	50294201	2	1	0	2
50290597	50294717	2	1	1	2
50312261	50312341	2	2	1	2
50312417	50312521	2	0	1	2
50312625	50312997	2	1	4	2
50313108	50313444	2	0	2	2
50313499	50313633	2	1	1	2
50313724	50313812	2	1	2	2
50314272	50314398	2	1	2	2
50314442	50314603	2	0	0	2
50314921	50315712	2	3	3	2
50318020	50318845	2	1	2	2
50318889	50318963	2	0	2	2
50319003	50326810	2	0	2	2
50343550	50372018	1	3	2	1
50372150	50388984	1	3	1	1
50372150	50389032	1	2	0	1
50372150	50393891	1	2	0	1
50381248	50381335	2	3	18	2
50381248	50381379	2	18	18	2
50381380	50381401	2	14	7	2
50381380	50381445	2	14	7	2
50381424	50381445	2	14	7	2
50387738	50393891	1	2	0	1
50389111	50391865	1	1	1	1
50389111	50393891	1	1	0	1
50394135	50406687	1	0	0	1
50394135	50414550	1	0	2	1
50406875	50414550	1	3	2	1
50414689	50416090	1	0	0	1
50416157	50418865	1	0	0	1
50418979	50419344	1	0	0	1
50418979	50419347	1	0	1	1
50418989	50419347	1	1	1	1
50419462	50422252	1	1	1	1
50422380	50423460	1	2	0	1
50423614	50431171	1	1	1	1
50431382	50432263	1	0	0	1
50432329	50434964	1	0	1	1
50435081	50436365	1	2	1	1
50436452	50437504	1	1	1	1
50437068	50437504	1	3	1	1
50437603	50437841	1	0	0	1
50437900	50438172	1	0	0	1
50438298	50438597	1	5	2	1
50438762	50439699	1	2	1	1
50439857	50439959	1	1	0	1
50440049	50440799	1	0	0	1
50440049	50440820	1	0	0	1
50441026	50443864	1	3	1	1
50444117	50444197	1	1	1	1
50447240	50447320	2	4	0	2
50447453	50447520	2	0	4	2
50447609	50448231	2	2	3	2
50448444	50448541	2	1	0	2
50448650	50454510	2	1	2	2
50454742	50454812	2	2	2	2
50454944	50455014	2	1	1	2
50455142	50455222	2	2	3	2
50455409	50455479	2	3	3	2
50455582	50456214	2	0	3	2
50456395	50456490	2	1	2	2
50456673	50457032	2	3	2	2
50456673	50459253	2	2	1	2
50457111	50459253	2	0	1	2
50459392	50459468	2	1	4	2
50459666	50459950	2	0	3	2
50460159	50460270	2	0	3	2
50460408	50460532	2	0	6	2
50460712	50461157	2	0	3	2
50461286	50461521	2	0	1	2
50461718	50461794	2	0	2	2
50461869	50461945	2	0	4	2
50462119	50462203	2	0	3	2
50462473	50462557	2	1	3	2
50462717	50462868	2	0	1	2
50462938	50463281	2	1	7	2
50463432	50464327	2	0	2	2
50464441	50464532	2	0	0	2
50464738	50464817	2	1	0	2
50464917	50464999	2	0	2	2
50465129	50465213	2	1	2	2
50465328	50465761	2	1	3	2
50465840	50465959	2	2	1	2
50466074	50466148	2	0	1	2
50466258	50466348	2	0	4	2
50466482	50466603	2	1	3	2
50466710	50467336	2	0	4	2
50467448	50467530	2	0	1	2
50467448	50467539	2	0	2	2
50467611	50467784	2	0	5	2
50467690	50467784	2	1	3	2
50467693	50467784	2	0	3	2
50467923	50468374	2	0	1	2
50468461	50474784	2	1	1	2
50481957	50482565	1	3	1	1
50487465	50487660	1	1	0	1
50503699	50503806	2	1	4	2
50503904	50504338	2	0	1	2
50504451	50504557	2	0	3	2
50504727	50504800	2	1	1	2
50504984	50505055	2	3	1	2
50505153	50505227	2	2	2	2
50505537	50505672	2	0	0	2
50505815	50506033	2	3	3	2
50506213	50506283	2	0	1	2
50506502	50506636	2	1	1	2
50506666	50506780	4	1	3	2
50508445	50515718	1	2	0	1
50508445	50516445	1	2	0	1
50516548	50517425	1	2	4	1
50517482	50517575	1	2	1	1
50517661	50517739	1	2	0	1
50517809	50517971	1	0	1	1
50518052	50518131	1	4	0	1
50518278	50518647	1	1	0	1
50518732	50519188	1	2	1	1
50519320	50520963	1	4	0	1
50521036	50521541	1	2	1	1
50521609	50521739	1	2	3	1
50521848	50521984	1	0	0	1
50522039	50522179	1	5	0	1
50522251	50522341	3	2	1	1
50522415	50522499	1	6	0	1
50522569	50522669	1	1	0	1
50522720	50522819	1	1	1	1
50522922	50523015	1	4	1	1
50523166	50523233	1	1	1	1
50526738	50526896	2	2	2	2
50527283	50527586	2	0	2	2
50527717	50528510	2	0	3	2
50527717	50529134	2	0	2	2
50528610	50529134	2	2	2	2
50529338	50529494	2	1	1	2
50531058	50531189	2	2	5	2
50569081	50569211	2	0	3	2
50569081	50569334	2	0	2	2
50569421	50569574	2	0	1	2
50569668	50570291	2	2	0	2
50570406	50570889	2	2	2	2
50571043	50571156	2	0	0	2
50571292	50571373	2	1	1	2
50571539	50572004	2	0	3	2
50572122	50572201	2	0	2	2
50572308	50572873	2	2	3	2
50573060	50573518	2	1	2	2
50573715	50573806	2	0	1	2
50573715	50574333	2	0	5	2
50573921	50574333	2	1	2	2
50574419	50574491	2	4	0	2
50574600	50576033	2	1	1	2
50576112	50576196	2	2	0	2
50576335	50576534	2	0	1	2
50576637	50576855	2	0	0	2
50577034	50577322	2	2	1	2
50577463	50577773	2	0	2	2
50577934	50578547	2	3	2	2
50577934	50579034	2	2	0	2
50579255	50579424	2	1	1	2
50579507	50579725	2	2	1	2
50579802	50580188	2	0	2	2
50579830	50579972	2	0	2	2
50580082	50580188	2	1	2	2
50580271	50580356	2	1	2	2
50580416	50580563	2	1	2	2
50580660	50581418	2	2	1	2
50581553	50581747	2	0	0	2
50586952	50587268	1	2	0	1
50600883	50601787	1	3	1	1
50601894	50603221	1	2	1	1
50605734	50605823	1	1	1	1
50605934	50606656	1	2	0	1
50606991	50610210	1	1	0	1
50610310	50610705	1	1	0	1
50625464	50625577	2	1	1	2
50625681	50625934	2	0	2	2
50626063	50626152	2	1	1	2
50626278	50626589	2	0	1	2
50626760	50626832	2	0	0	2
50626760	50627164	2	0	4	2
50627052	50627164	2	1	3	2
50627406	50627554	2	1	2	2
50627406	50627944	2	1	1	2
50678693	50678767	1	2	0	1
50678920	50679017	1	1	0	1
50703935	50704164	1	3	0	1
50704248	50704736	1	2	0	1
50704862	50704962	1	2	4	1
50705096	50706070	1	2	0	1
50722437	50730719	1	1	1	1
50768874	50769039	2	0	2	2
50769124	50769453	2	0	2	2
50769552	50769903	2	0	1	2
50770016	50775770	2	2	1	2
50775851	50776668	2	0	1	2
50776749	50777950	2	0	0	2
50782347	50783037	2	0	4	2
50782351	50783043	2	0	1	2
50783286	50783389	2	0	2	2
50783864	50785171	1	1	0	1
50784021	50785171	1	3	0	1
50785293	50798653	1	2	0	1
